Version  	 2.0
 Type  	analog
 Azimut 	180
 Exceed 	20
 Alpha  	40
 Quantity of cycles 	1000
 Quantity of strobes 	2001
 Strobe 	10
 Delay  	0
 Time begin 	16:34:18
 Time end   	16:35:08
 Data
630642	736469	
630607	737368	
630037	735819	
631007	737164	
630755	810220	
629873	747249	
630582	1851037	
660315	2456440	
638994	1217378	
635741	840366	
634153	786860	
637410	758415	
634124	743545	
632292	755112	
632696	754006	
631107	744624	
630954	745380	
630568	745229	
630691	743555	
630598	742043	
630300	741683	
631004	742430	
630943	741439	
631071	741763	
630802	742023	
630917	742441	
630803	741659	
630513	741596	
630359	743439	
630240	749781	
630453	757160	
630596	772135	
630979	795504	
631401	822152	
632017	848045	
632633	871206	
633091	890252	
633545	904820	
633710	906036	
633838	902996	
633952	899917	
633976	898780	
634057	894098	
634000	888024	
634077	881955	
634119	873424	
634110	866346	
634090	856909	
634103	843362	
633960	828579	
633789	814328	
633622	804225	
633466	799699	
633306	797603	
633104	796738	
633020	794894	
632859	791426	
632718	789475	
632646	788468	
632681	786973	
632582	785474	
632525	783221	
632503	782742	
632429	782215	
632386	778820	
632193	777381	
632050	776212	
631989	773767	
631911	772384	
631842	770223	
631801	771594	
631704	768014	
631715	764053	
631706	762746	
631661	763677	
631561	764757	
631546	763825	
631524	762964	
631466	763104	
631371	759778	
631301	760153	
631243	757108	
631278	757249	
631278	756539	
631223	756919	
631188	756824	
631192	755490	
631280	754203	
631194	753953	
631151	752058	
631153	751035	
631130	751342	
631122	749716	
631092	750536	
630913	750071	
630991	749805	
630990	747462	
630981	747481	
630971	746444	
630919	747096	
630993	746841	
631021	745984	
630981	745133	
630957	744651	
631033	743950	
631000	743778	
630917	744714	
630926	744124	
630904	743845	
630853	743678	
630901	742742	
630880	742855	
630914	742863	
630894	742952	
630851	742979	
630879	742336	
630926	742960	
630822	742878	
630903	741920	
630842	742134	
630864	741655	
630845	741432	
630828	740618	
630776	741194	
630848	740968	
630807	740440	
630809	741180	
630833	740559	
630806	741174	
630805	740419	
630827	741193	
630792	739931	
630812	741213	
630807	740083	
630819	740926	
630795	740195	
630838	740198	
630819	740590	
630738	740898	
630806	741088	
630803	740009	
630786	739898	
630827	740360	
630706	739093	
630838	738466	
630736	738309	
630737	739131	
630759	739972	
630806	738731	
630714	739322	
630798	740144	
630760	740724	
630801	740173	
630758	738729	
630748	739342	
630738	739591	
630791	739667	
630797	739232	
630688	737794	
630716	737584	
630794	738874	
630688	738695	
630761	737429	
630694	738157	
630708	739364	
630815	737926	
630744	738927	
630709	738221	
630774	738234	
630734	738822	
630776	738903	
630728	737844	
630710	738910	
630719	738865	
630759	736412	
630801	739090	
630712	738965	
630707	738482	
630704	738228	
630742	737639	
630725	738504	
630713	737507	
630703	738446	
630726	738105	
630708	737106	
630753	738706	
630715	738254	
630711	738592	
630700	738212	
630758	737893	
630711	737185	
630727	737353	
630654	738157	
630666	738318	
630798	737791	
630690	737941	
630699	737506	
630730	737413	
630652	737697	
630758	737103	
630683	737381	
630636	737411	
630698	737779	
630711	738640	
630733	736870	
630700	737274	
630654	737513	
630715	736722	
630762	737132	
630626	736237	
630741	738494	
630681	737220	
630649	736916	
630712	738043	
630651	736873	
630586	736924	
630674	737090	
630720	737382	
630703	736873	
630702	736993	
630597	738235	
630644	737822	
630767	736869	
630667	737147	
630723	738177	
630699	738025	
630660	737817	
630704	736640	
630661	737398	
630704	737452	
630661	737974	
630630	736546	
630750	736933	
630605	736091	
630663	737515	
630656	737264	
630691	736888	
630678	736238	
630675	736762	
630716	737218	
630702	737450	
630653	736382	
630648	737892	
630652	737740	
630646	736959	
630675	737777	
630623	736292	
630649	736926	
630628	735571	
630567	736326	
630661	737669	
630651	737713	
630653	736522	
630648	735870	
630626	737208	
630638	737483	
630686	737650	
630700	736896	
630636	736774	
630591	738626	
630589	738317	
630646	736791	
630656	738384	
630575	737241	
630557	735960	
630636	736054	
630569	737800	
630638	735759	
630594	737576	
630602	736594	
630685	736118	
630625	736968	
630652	735292	
630565	737445	
630629	738175	
630599	737157	
630673	737104	
630629	735921	
630569	737728	
630590	735882	
630601	736725	
630621	736863	
630606	736598	
630508	736345	
630612	737266	
630613	737734	
630544	736681	
630611	737376	
630571	736694	
630569	736093	
630621	737425	
630574	737779	
630537	736213	
630544	737349	
630599	735272	
630563	737449	
630564	738252	
630606	737231	
630549	736734	
630547	736530	
630568	736109	
630573	736666	
630515	737164	
630531	738230	
630563	736995	
630629	735379	
630551	736321	
630578	737440	
630638	737418	
630544	736920	
630615	736349	
630513	736740	
630537	736956	
630587	737046	
630528	737021	
630511	736801	
630538	735955	
630548	737192	
630570	736831	
630565	735793	
630462	736207	
630535	735966	
630601	735513	
630536	736548	
630559	736564	
630544	736831	
630556	737964	
630572	737226	
630503	736569	
630517	737856	
630539	735816	
630509	737207	
630521	737388	
630544	736683	
630490	736434	
630488	737179	
630515	735455	
630539	735761	
630451	736547	
630521	736972	
630511	736578	
630565	736830	
630560	738695	
630518	735966	
630524	737590	
630516	736793	
630510	736123	
630543	737084	
630408	735935	
630502	736263	
630522	736940	
630487	737200	
630498	734727	
630521	736366	
630494	736707	
630530	736253	
630486	735802	
630549	737259	
630504	734387	
630502	736945	
630575	736961	
630478	736952	
630542	736805	
630516	735876	
630553	735913	
630467	735904	
630517	736906	
630536	736746	
630502	735975	
630492	736000	
630506	734950	
630439	734816	
630513	736076	
630521	735701	
630554	737035	
630480	737370	
630545	736220	
630533	736351	
630512	736745	
630529	735938	
630487	735808	
630517	735331	
630448	737218	
630463	736983	
630540	736312	
630473	735673	
630403	736333	
630477	736163	
630553	736949	
630462	736235	
630528	736832	
630480	737099	
630477	737666	
630494	737367	
630553	737548	
630454	736818	
630496	736223	
630538	735722	
630517	736629	
630435	737165	
630459	735715	
630470	736239	
630443	736692	
630524	735464	
630465	736234	
630428	735370	
630551	736645	
630483	736554	
630481	736892	
630525	735624	
630473	736075	
630556	736796	
630448	736502	
630505	736180	
630597	736932	
630538	735676	
630493	736120	
630470	736784	
630440	736384	
630571	735681	
630453	735483	
630484	734895	
630489	737654	
630469	734905	
630499	736910	
630552	735454	
630519	736577	
630501	736772	
630527	736443	
630566	735703	
630481	736340	
630509	736652	
630467	736575	
630573	736071	
630565	737021	
630433	738701	
630493	736144	
630490	736495	
630461	735838	
630585	735926	
630545	735598	
630475	736814	
630419	736483	
630545	735756	
630501	736359	
630481	736103	
630499	736180	
630485	736356	
630546	736933	
630533	736369	
630506	734884	
630543	736303	
630426	736274	
630482	735748	
630503	736083	
630428	737041	
630489	736023	
630518	736355	
630507	735247	
630537	736638	
630518	735693	
630472	737729	
630513	735579	
630543	736001	
630512	737461	
630502	736533	
630474	736366	
630500	736550	
630572	736814	
630533	737356	
630441	736635	
630520	736646	
630489	737354	
630539	735985	
630542	736906	
630500	736292	
630515	737555	
630553	734447	
630530	735817	
630529	737004	
630478	735851	
630504	736654	
630514	735551	
630580	736112	
630563	736242	
630485	735749	
630463	735674	
630502	735678	
630512	736503	
630553	734712	
630489	736012	
630517	736017	
630552	737358	
630508	735952	
630490	737061	
630512	736276	
630471	737223	
630559	736650	
630447	736295	
630522	736122	
630540	736375	
630472	736276	
630543	735940	
630496	736358	
630489	735942	
630528	735709	
630512	736313	
630453	736053	
630564	735235	
630480	736127	
630561	736356	
630584	735674	
630516	736404	
630587	736539	
630548	735367	
630528	735642	
630490	736755	
630503	735562	
630499	736648	
630554	736295	
630446	736222	
630464	736340	
630591	734246	
630512	736369	
630518	736408	
630541	735766	
630508	736363	
630504	735687	
630557	735996	
630474	736267	
630522	736553	
630590	737314	
630485	736235	
630496	735480	
630532	736095	
630479	736484	
630554	736620	
630531	735618	
630490	736637	
630483	737110	
630522	735374	
630455	734951	
630465	736435	
630508	735373	
630494	736707	
630540	736448	
630490	735199	
630530	736452	
630507	736526	
630468	736253	
630499	735776	
630569	737682	
630546	736625	
630519	736466	
630541	735673	
630537	736397	
630484	735220	
630582	735922	
630488	735998	
630489	736138	
630485	735143	
630505	735949	
630582	735583	
630520	735744	
630492	735652	
630519	737736	
630565	736032	
630549	737325	
630511	736691	
630504	735797	
630513	735862	
630543	735202	
630487	736889	
630382	735940	
630480	737630	
630538	736015	
630540	736260	
630479	736050	
630425	734546	
630491	736254	
630581	735585	
630502	736513	
630487	736148	
630523	736235	
630551	736177	
630581	735488	
630444	736484	
630456	736339	
630550	735713	
630526	736063	
630532	735891	
630472	736246	
630702	737212	
630699	737016	
630476	736772	
630568	735879	
630418	735934	
630409	736445	
630520	736135	
630460	736855	
630493	735362	
630412	735402	
630416	736585	
630488	737014	
630486	735760	
630452	736269	
630427	735218	
630418	735660	
630407	735931	
630453	735883	
630426	735857	
630468	736687	
630433	735414	
630490	736166	
630457	736227	
630387	736535	
630457	735710	
630470	735792	
630458	736223	
630412	736637	
630459	735887	
630467	736288	
630427	736649	
630375	735370	
630392	736124	
630375	735393	
630399	735092	
630407	736067	
630416	737149	
630398	735991	
630449	736040	
630464	736415	
630390	736198	
630434	736140	
630443	737910	
630478	736266	
630461	736162	
630371	736584	
630425	736369	
630442	735670	
630460	735929	
630385	737316	
630450	735256	
630406	735675	
630428	735746	
630485	735574	
630399	736115	
630318	734760	
630420	735280	
630444	736707	
630394	736811	
630442	736104	
630402	733705	
630488	735229	
630414	737062	
630391	736905	
630382	736248	
630351	736093	
630440	736673	
630434	736525	
630408	735642	
630348	736274	
630433	736020	
630445	734691	
630395	735519	
630442	737123	
630372	736500	
630434	734946	
630475	735904	
630397	737245	
630346	734999	
630450	736088	
630406	735001	
630505	735806	
630429	736922	
630391	734691	
630431	736515	
630457	736041	
630462	735996	
630391	735091	
630363	735467	
630356	736717	
630471	737284	
630441	736358	
630396	735445	
630428	736509	
630450	736380	
630493	736212	
630444	736636	
630422	737239	
630414	735828	
630362	736366	
630466	735345	
630414	736429	
630356	735609	
630447	735051	
630367	736484	
630500	735132	
630436	736037	
630407	736113	
630451	735864	
630467	735703	
630402	735499	
630449	736027	
630390	736464	
630492	735384	
630456	736342	
630399	736700	
630408	736178	
630412	735231	
630409	736013	
630462	735785	
630370	736690	
630427	735860	
630403	735362	
630416	735867	
630457	736928	
630402	736366	
630389	736371	
630457	735975	
630461	736503	
630460	735924	
630467	736092	
630440	735899	
630493	735412	
630500	735525	
630419	735794	
630461	736245	
630455	735111	
630368	735570	
630477	737048	
630458	736172	
630400	736791	
630429	737327	
630431	735429	
630418	736003	
630546	735055	
630396	737024	
630418	735462	
630454	737014	
630388	735955	
630482	735246	
630440	736168	
630385	736385	
630455	735001	
630499	736201	
630395	736006	
630421	735372	
630471	736640	
630435	735938	
630464	735787	
630425	736766	
630387	736158	
630448	736328	
630510	737476	
630512	736403	
630429	736011	
630418	735635	
630405	735243	
630458	736656	
630483	735560	
630451	735739	
630425	736191	
630441	736674	
630487	736215	
630443	736705	
630428	735813	
630485	735343	
630443	735055	
630476	736478	
630517	736958	
630459	736833	
630417	735534	
630473	735298	
630509	737748	
630488	735779	
630472	736912	
630474	736313	
630429	736405	
630499	736352	
630435	736565	
630412	735697	
630449	736026	
630486	734447	
630400	736165	
630487	736845	
630441	735273	
630462	735490	
630511	735538	
630436	735567	
630494	736019	
630452	736468	
630420	736532	
630473	736108	
630425	735209	
630455	736205	
630484	736238	
630487	735279	
630451	736852	
630397	735093	
630469	735237	
630501	736270	
630501	734930	
630440	736973	
630492	735137	
630457	736786	
630510	736345	
630468	735791	
630410	736467	
630523	736153	
630493	736524	
630450	736975	
630402	735302	
630466	736392	
630456	736390	
630532	736445	
630432	735550	
630509	735095	
630442	735457	
630514	735752	
630496	736640	
630473	736557	
630483	736812	
630504	736292	
630497	737002	
630607	736107	
630461	736154	
630409	737306	
630545	735787	
630521	736361	
630450	735512	
630468	736075	
630449	737345	
630513	736212	
630537	736017	
630459	737076	
630484	736240	
630511	736137	
630501	735199	
630494	735097	
630499	735671	
630461	736111	
630556	736708	
630536	736090	
630470	737030	
630483	736128	
630456	737361	
630507	736037	
630525	735878	
630520	735312	
630507	736031	
630503	736731	
630494	735583	
630495	734791	
630516	735577	
630562	735461	
630462	736412	
630561	736279	
630491	736582	
630559	735683	
630476	735083	
630507	735784	
630548	737377	
630583	736128	
630538	736325	
630484	735527	
630488	736551	
630465	736384	
630570	737157	
630545	736198	
630496	737401	
630506	735629	
630540	736000	
630533	734665	
630580	735371	
630490	736528	
630590	735591	
630552	736545	
630499	736419	
630503	736471	
630536	735864	
630504	735509	
630540	736673	
630575	736008	
630429	737360	
630598	735378	
630442	734842	
630484	738143	
630526	734908	
630534	736114	
630466	736357	
630591	736113	
630503	735264	
630611	735579	
630572	735200	
630537	735820	
630473	736116	
630544	735743	
630604	736270	
630601	735409	
630533	736748	
630460	735723	
630538	736330	
630540	736685	
630523	736124	
630572	736382	
630476	735859	
630573	736160	
630566	735061	
630514	736699	
630501	735271	
630576	735560	
630589	736249	
630545	736594	
630582	736744	
630516	735638	
630475	735362	
630579	736057	
630521	736490	
630533	736163	
630602	735382	
630462	735185	
630532	735478	
630640	735949	
630584	735966	
630598	736211	
630610	735677	
630582	735539	
630591	736656	
630641	735859	
630594	737855	
630586	735579	
630608	735975	
630599	735671	
630572	736537	
630546	736720	
630667	736214	
630584	735627	
630635	736333	
630571	737157	
630567	736497	
630559	736254	
630623	736256	
630576	734945	
630501	738206	
630521	735925	
630584	736324	
630594	735997	
630615	736283	
630512	736330	
630516	735315	
630600	736342	
630593	735647	
630573	735663	
630580	735688	
630572	736892	
630648	735984	
630567	736472	
630568	734923	
630594	737322	
630584	736114	
630641	734440	
630583	734823	
630621	735134	
630607	737012	
630549	735731	
630559	734329	
630613	736161	
630563	735675	
630550	736748	
630570	736124	
630646	734404	
630567	736374	
630590	736267	
630592	734332	
630607	736295	
630585	735043	
630636	736296	
630584	734161	
630616	736330	
630604	736288	
630616	735136	
630602	736430	
630603	735169	
630547	736224	
630565	735316	
630564	736240	
630567	734879	
630649	734967	
630548	735791	
630590	736303	
630662	734618	
630599	735927	
630618	734662	
630592	736428	
630573	735470	
630636	737135	
630592	736675	
630605	736155	
630648	735119	
630605	735475	
630573	736024	
630625	736095	
630542	736135	
630602	735541	
630615	736567	
630640	735988	
630592	735759	
630576	736584	
630631	735016	
630595	736052	
630637	735147	
630675	736800	
630644	735424	
630606	735048	
630642	736269	
630632	736174	
630633	735416	
630609	736217	
630634	734987	
630588	737515	
630669	735921	
630620	736617	
630572	734157	
630604	735668	
630615	736290	
630652	736145	
630593	735671	
630674	735462	
630668	734698	
630610	733968	
630625	735893	
630675	736466	
630596	736397	
630625	735820	
630676	735138	
630559	735612	
630634	735746	
630622	735414	
630572	736525	
630659	736302	
630599	735079	
630597	735962	
630598	734635	
630605	735708	
630635	736271	
630649	735948	
630587	736886	
630582	736235	
630749	735384	
630627	735498	
630618	735100	
630625	734945	
630621	734470	
630686	735785	
630661	737069	
630555	735481	
630679	735242	
630675	734664	
630633	734230	
630689	735708	
630638	735841	
630636	736991	
630721	735375	
630651	734504	
630613	736626	
630595	735756	
630671	735454	
630649	736221	
630647	735507	
630604	735997	
630607	735480	
630660	736484	
630630	736956	
630605	735706	
630591	735899	
630637	736004	
630645	734544	
630696	736680	
630654	735770	
630680	737329	
630697	736420	
630674	735467	
630731	735614	
630644	735449	
630676	736073	
630658	736187	
630647	735466	
630678	736432	
630649	736062	
630667	736574	
630663	736336	
630648	736199	
630617	735414	
630618	735317	
630708	736219	
630603	737001	
630673	736744	
630682	734904	
630612	736786	
630712	735748	
630700	735466	
630610	735350	
630672	736219	
630712	737207	
630611	736113	
630679	735123	
630679	736256	
630621	735599	
630667	735680	
630619	735534	
630686	736223	
630674	734412	
630603	734653	
630690	735287	
630662	735929	
630624	736485	
630711	735603	
630733	735141	
630642	735804	
630655	735160	
630679	736381	
630655	735223	
630745	736026	
630742	733568	
630656	735740	
630696	735990	
630685	735346	
630652	736299	
630708	736388	
630610	736211	
630672	734841	
630723	735737	
630687	735590	
630653	735352	
630700	735771	
630664	735348	
630757	735739	
630748	735604	
630684	735487	
630680	734608	
630691	735158	
630689	735421	
630781	736731	
630754	736530	
630624	736031	
630736	736019	
630742	735385	
630670	736098	
630677	736230	
630709	736596	
630741	735341	
630761	735690	
630734	736475	
630694	735897	
630699	735381	
630782	735943	
630685	736235	
630688	736759	
630656	736797	
630742	735976	
630761	734998	
630695	735643	
630683	736672	
630767	735534	
630736	734633	
630805	736547	
630726	735598	
630694	736006	
630730	734868	
630773	734842	
630727	736537	
630699	736088	
630652	736158	
630741	736216	
630794	736217	
630697	736120	
630716	735917	
630696	735480	
630709	735996	
630791	736166	
630721	735776	
630667	734610	
630801	736701	
630807	735775	
630768	735131	
630766	735653	
630784	735111	
630720	737246	
630797	735318	
630836	736156	
630690	736237	
630765	735442	
630744	734890	
630782	734595	
630763	736727	
630718	734976	
630712	733916	
630799	735261	
630767	734956	
630834	736675	
630710	737328	
630770	735646	
630832	735342	
630785	734443	
630826	735585	
630813	736255	
630777	735338	
630801	735345	
630818	735582	
630729	733978	
630797	736009	
630807	735150	
630790	735989	
630761	735772	
630792	735311	
630710	734837	
630781	735277	
630804	736363	
630798	736549	
630808	735778	
630745	736294	
630702	736279	
630809	735896	
630773	735794	
630748	736790	
630829	735099	
630780	735965	
630757	735018	
630800	736506	
630783	736490	
630789	735131	
630798	736701	
630854	735799	
630839	735611	
630854	735375	
630779	735466	
630806	735882	
630806	735823	
630855	735978	
630797	734861	
630760	735330	
630752	737074	
630833	735055	
630809	736671	
630813	736142	
630774	735146	
630752	735398	
630810	737121	
630801	736952	
630777	736653	
630805	736082	
630789	734823	
630839	736287	
630813	735334	
630865	735190	
630779	734767	
630788	735235	
630869	734534	
630875	734940	
630728	735167	
630844	736246	
630791	734608	
630774	736358	
630828	735187	
630821	736191	
630795	736601	
630873	736032	
630821	735706	
630848	736531	
630772	736492	
630754	736594	
630861	735483	
630824	737116	
630844	735289	
630776	736809	
630756	734453	
630803	735239	
630841	736340	
630811	735029	
630833	735478	
630817	735785	
630783	735594	
630870	735885	
630797	734608	
630782	736940	
630842	735786	
630781	735216	
630812	735922	
630830	736431	
630813	736606	
630838	735345	
630817	735448	
630818	735406	
630822	736387	
630760	734917	
630830	734871	
630836	735752	
630805	736320	
630861	734882	
630820	736118	
630773	735941	
630810	735410	
630861	734092	
630831	735922	
630773	735359	
630795	735579	
630761	736670	
630870	735801	
630846	736041	
630769	734757	
630786	735630	
630845	735636	
630820	735038	
630771	736456	
630779	734604	
630763	736563	
630854	735198	
630824	736319	
630761	735958	
630772	735686	
630828	737506	
630802	736047	
630852	737252	
630810	736114	
630824	735961	
630810	736329	
630802	735795	
630875	735320	
630811	736983	
630765	735789	
630814	736221	
630838	735867	
630747	735082	
630833	735443	
630857	735509	
630784	734567	
630890	736391	
630836	735301	
630828	734982	
630843	734919	
630797	735054	
630826	735891	
630845	735406	
630776	736559	
630792	735835	
630850	735070	
630792	735758	
630853	736995	
630759	736024	
630800	735984	
630889	736039	
630898	734780	
630787	736144	
630828	737107	
630798	735796	
630808	736869	
630795	735847	
630772	736198	
630765	735617	
630843	736396	
630795	735271	
630852	735523	
630796	735246	
630815	735459	
630807	735308	
630793	735573	
630781	736076	
630785	735877	
630761	736426	
630795	736102	
630748	736224	
630793	735708	
630811	735096	
630732	734522	
630800	734254	
630748	735226	
630802	735437	
630834	735339	
630779	735543	
630768	735347	
630776	734859	
630801	735659	
630783	735096	
630770	735536	
630789	734906	
630799	735227	
630804	735517	
630738	734153	
630799	735625	
630821	735558	
630811	736039	
630829	735074	
630808	735374	
630735	735699	
630833	734911	
630816	735279	
630790	735438	
630772	736376	
630795	736066	
630741	736218	
630796	735740	
630812	736341	
630796	735230	
630777	735496	
630818	735291	
630821	734400	
630796	735601	
630787	735427	
630795	735689	
630869	735800	
630845	735489	
630876	736965	
630727	735820	
630802	737090	
630836	735689	
630791	736621	
630812	735563	
630775	735546	
630704	735019	
630850	736118	
630842	736351	
630784	736418	
630771	736363	
630762	735961	
630776	736439	
630841	736719	
630837	735075	
630793	736133	
630783	736150	
630841	736175	
630768	735409	
630833	735965	
630689	736654	
630751	735891	
630822	735352	
630744	735413	
630804	735882	
630811	735516	
630763	734839	
630818	735598	
630819	735186	
630796	735093	
630724	736733	
630813	735458	
630755	737634	
630831	736071	
630782	736883	
630767	735064	
630784	735702	
630783	736062	
630782	736703	
630755	734655	
630780	735899	
630791	735384	
630819	736754	
630802	735742	
630821	734320	
630767	737133	
630796	736035	
630793	735456	
630793	736533	
630760	736402	
630765	735607	
630784	735838	
630768	736430	
630820	735357	
630800	736316	
630765	737147	
630803	735844	
630859	735791	
630788	735614	
630824	734904	
630808	735561	
630794	735706	
630827	736179	
630801	735397	
630795	735389	
630716	735450	
630771	735782	
630803	736309	
630770	735808	
630793	736282	
630839	737452	
630818	736147	
630806	735838	
630808	735910	
630764	736054	
630784	735752	
630837	736129	
630821	734443	
630798	735165	
630810	735551	
630872	735955	
630812	734972	
630775	736055	
630840	734493	
630727	735986	
630812	735726	
630786	735917	
630830	735877	
630817	735517	
630769	736471	
630760	735421	
630847	735390	
630783	735451	
630821	735987	
630759	736898	
630765	733991	
630841	734415	
630778	735004	
630823	735253	
630777	735602	
630889	736183	
630879	734856	
630796	735325	
630812	735254	
630806	735512	
630760	735709	
630793	733542	
630830	736240	
630747	736190	
630774	735495	
630803	736091	
630833	736142	
630833	736055	
630739	736507	
630751	735106	
630836	736772	
630850	735631	
630799	735462	
630743	734953	
630792	735741	
630827	734983	
630807	734866	
630791	735264	
630794	735654	
630810	736331	
630786	735020	
630812	734476	
630763	736521	
630791	735700	
630846	735337	
630827	736665	
630759	735809	
630764	735244	
630820	736151	
630812	734265	
630783	735832	
630820	735742	
630811	735607	
630829	735415	
630767	735256	
630761	735860	
630730	736939	
630804	737126	
630811	736140	
630764	735423	
630745	735898	
630711	735717	
630798	734883	
630878	737252	
630819	736548	
630758	735369	
630817	736485	
630795	734370	
630722	736591	
630759	734959	
630752	736951	
630725	734364	
630770	736256	
630785	736055	
630727	736313	
630708	734715	
630750	736951	
630804	736034	
630792	735423	
630760	735749	
630762	735830	
630773	735383	
630782	735005	
630785	736651	
630748	735378	
630747	735193	
630781	734451	
630734	735642	
630756	735161	
630784	735556	
630721	735248	
630764	734227	
630781	735480	
630784	735331	
630774	734661	
630788	736157	
630830	737309	
630743	736108	
630760	736161	
630797	738107	
630772	735467	
630747	734127	
630748	734968	
630777	734877	
630759	735531	
630747	735304	
630799	736884	
630708	735103	
630728	733997	
630771	736140	
630794	735650	
630733	736432	
630766	734690	
630783	734881	
630751	735336	
630797	735928	
630798	735920	
630712	734607	
630724	736434	
630816	735518	
630717	736649	
630740	735556	
630777	735168	
630775	735419	
630743	735105	
630718	735862	
630737	736284	
630768	735547	
630713	736293	
630716	735747	
630752	736023	
630725	737106	
630779	735679	
630743	736536	
630719	736696	
630776	735826	
630726	735947	
630722	735568	
630762	735045	
630711	734901	
630647	735428	
630773	736420	
630721	735711	
630737	735533	
630671	734378	
630683	735492	
630778	735409	
630713	735631	
630736	734894	
630716	735553	
630739	736464	
630771	735775	
630726	736142	
630706	736900	
630724	736337	
630718	736066	
630733	736074	
630706	735809	
630708	735951	
630696	734850	
630706	735985	
630823	735296	
630656	736163	
630638	735318	
630668	735765	
630715	735678	
630697	735324	
630671	736203	
630683	736658	
630677	735603	
630794	735119	
630693	735301	
630755	735047	
630699	735855	
630702	736103	
630760	735651	
630638	734502	
630681	736261	
630747	736259	
630733	736066	
630714	735900	
630709	735746	
630689	736050	
630656	735238	
630758	736531	
630700	736332	
630704	736519	
630668	735308	
630659	736673	
630689	735878	
630717	735430	
630643	736866	
630723	735402	
630752	735428	
630644	734268	
630710	734814	
630727	735667	
630633	736395	
630708	735183	
630706	736751	
630707	736053	
630705	736053	
630722	734328	
630695	735011	
630740	736385	
630690	736025	
630617	736553	
630693	735078	
630673	736007	
630676	734187	
630687	734881	
630656	735895	
630649	735269	
630622	735065	
630700	736704	
630736	735517	
630643	736284	
630640	735619	
630757	735580	
630717	735836	
630712	735972	
630692	734934	
630700	736021	
630699	735322	
630711	735870	
630645	736134	
630673	736560	
630637	735438	
630607	736120	
630661	736185	
630651	734758	
630602	735645	
630722	735791	
630732	736465	
630640	735208	
630711	735076	
630636	735889	
630604	736897	
630716	736071	
630688	736444	
630619	735341	
630656	737538	
630675	735044	
630633	735907	
630658	735643	
630627	734955	
630594	735938	
630624	735349	
630698	736203	
630611	735786	
630649	735624	
630655	736208	
630644	736535	
630735	735434	
630726	735850	
630626	734700	
630682	735876	
630639	735258	
630638	734980	
630714	735032	
630633	735924	
630634	736267	
630753	735733	
630591	735306	
630683	735921	
630629	734676	
630670	736294	
630669	735772	
630643	736115	
630642	736233	
630722	735435	
630598	735268	
630665	734839	
630661	736161	
630609	735142	
630635	734898	
630647	735643	
630569	735618	
630646	736861	
630694	734831	
630649	735171	
630620	736018	
630639	736185	
630655	736617	
630637	737201	
630672	735851	
630613	736257	
630662	736253	
630688	735912	
630659	735908	
630707	735407	
630582	734473	
630619	735438	
630669	736197	
630738	735910	
630630	735913	
630630	734195	
630596	735565	
630617	735459	
630692	736284	
630620	735410	
630577	735424	
630601	735825	
630637	735066	
630614	736165	
630651	735091	
630568	735563	
630656	735046	
630598	735059	
630608	736462	
630664	735756	
630604	735375	
630606	736661	
630645	735165	
630607	735655	
630613	735130	
630612	734898	
630623	735806	
630555	735569	
630692	736035	
630657	735775	
630596	736052	
630664	737298	
630647	735432	
630596	735746	
630692	736392	
630615	733745	
630574	734646	
630703	736592	
630637	735684	
630587	735831	
630627	736365	
630620	735583	
630632	735256	
630587	735526	
630649	735218	
630597	736362	
630593	735691	
630645	735082	
630590	735993	
630627	735397	
630562	735095	
630596	737349	
630657	735286	
630552	734357	
630607	735741	
630621	734480	
630588	737171	
630637	735052	
630594	735487	
630606	736377	
630658	736652	
630595	736748	
630548	736219	
630645	736346	
630644	736982	
630536	736511	
630708	735383	
630616	735327	
630588	735076	
630634	736079	
630547	735122	
630650	737216	
630628	735842	
630569	735083	
630617	735276	
630584	735350	
630541	735773	
630632	735741	
630628	736274	
630587	734724	
630589	735042	
630585	735507	
630579	736366	
630509	735722	
630616	736365	
630623	735432	
630599	734526	
630609	734529	
630544	734165	
630542	735890	
630586	734911	
630567	734805	
630578	735047	
630494	735015	
630590	736698	
630583	734525	
630560	736237	
630583	736733	
630550	734774	
630547	736698	
630626	734883	
630575	736046	
630583	736280	
630577	734461	
630590	735820	
630520	735757	
630595	735195	
630588	734730	
630552	735652	
630596	736746	
630632	736388	
630598	737023	
630622	735581	
630551	734828	
630603	735994	
630620	735451	
630630	735953	
630516	736023	
630582	736947	
630594	734979	
630611	735720	
630614	736626	
630548	737073	
630546	735457	
630623	734251	
630601	734424	
630597	735820	
630520	735389	
630509	736420	
630587	735579	
630628	735809	
630546	735841	
630548	735919	
630598	736282	
630554	734635	
630591	735148	
630552	735521	
630530	736320	
630608	735309	
630572	736147	
630620	734500	
630529	736802	
630519	734768	
630510	734980	
630584	735815	
630595	736773	
630553	735261	
630558	735209	
630518	736593	
630599	736496	
630665	734901	
630558	735148	
630573	735807	
630603	734548	
630546	735367	
630588	735079	
630536	735178	
630536	735600	
630576	736110	
630554	737005	
630573	735267	
630634	735834	
630494	735005	
630523	736293	
630613	735604	
630501	735830	
630533	735583	
630578	736286	
630588	736272	
630589	736437	
630581	735557	
630540	736081	
630613	735882	
630565	734826	
630507	736004	
630565	735316	
630566	735621	
630547	735704	
630529	735210	
630640	735455	
630531	735507	
630617	736074	
630531	735334	
630564	735206	
630642	735355	
630603	736809	
630593	735336	
630624	735337	
630502	735893	
630562	734649	
630570	736144	
630537	734144	
630589	736742	
630537	735803	
630550	735177	
630532	735774	
630595	736325	
630530	736377	
630589	735843	
630662	735637	
630502	735777	
630546	735642	
630576	734965	
630514	734641	
630600	736188	
630621	735905	
630564	735382	
630554	735988	
630568	735287	
630561	734967	
630549	735464	
630533	735263	

 Comment
@