Version  	 2.0
 Type  	analog
 Azimut 	180
 Exceed 	20
 Alpha  	40
 Quantity of cycles 	1000
 Quantity of strobes 	2001
 Strobe 	10
 Delay  	0
 Time begin 	17:03:20
 Time end   	17:04:10
 Data
634762	688272	
634843	687024	
634100	686523	
635051	690015	
634908	764767	
634153	700939	
632844	1953304	
676022	2689476	
644960	1423217	
641299	855933	
640236	750122	
642449	710090	
638887	709192	
636695	715614	
636950	704122	
634855	696821	
634706	704759	
634226	697003	
634509	695388	
634468	695797	
634615	695562	
635362	694788	
634987	694430	
635373	694370	
635200	694896	
635134	695178	
634778	693811	
634464	695290	
634493	695427	
634228	700658	
634487	710761	
634542	726540	
634841	750628	
635440	776974	
635919	804921	
636288	828232	
636443	846738	
636705	866704	
636882	879496	
636898	891602	
636872	898127	
636900	895532	
636913	890287	
636925	883264	
637124	877075	
637060	871677	
637115	860388	
637106	851700	
637204	839037	
637070	829205	
636922	817697	
636831	801571	
636585	790516	
636394	782038	
636280	772811	
636035	765025	
635980	763604	
635900	758144	
636017	754575	
635947	751261	
635987	746975	
635960	743161	
635865	743373	
635805	739049	
635729	737735	
635656	736250	
635548	733511	
635466	731717	
635443	731338	
635418	729508	
635390	729111	
635416	726346	
635440	726942	
635421	725032	
635464	724486	
635413	723571	
635359	721862	
635295	719499	
635252	714678	
635219	714063	
635077	715023	
635125	713756	
635217	712259	
635230	710731	
635073	709511	
635162	709694	
635202	709987	
635180	709207	
635182	708110	
635174	708295	
635052	707386	
635114	707247	
635094	705535	
635067	705605	
635025	704114	
635037	703618	
635011	701158	
634942	701804	
635030	700418	
635029	699455	
635087	700882	
634996	699720	
635070	698953	
635017	697322	
634995	698357	
634956	697933	
634971	698416	
634993	697518	
634935	697091	
634965	697129	
635002	696698	
634924	697521	
634979	695939	
634960	696381	
634911	695648	
634973	696426	
634947	695920	
634916	694761	
634961	695020	
634896	695508	
634928	695472	
634924	693625	
634878	693920	
634858	693568	
634881	694185	
634878	694724	
634920	695221	
634892	692444	
634929	694259	
634880	695568	
634937	692617	
634903	693968	
634831	693642	
634829	692733	
634909	693046	
634850	693475	
634820	693320	
634880	693099	
634924	692721	
634794	692904	
634813	692425	
634874	692595	
634938	692017	
634827	691328	
634885	692641	
634825	690222	
634759	692585	
634867	692141	
634890	691605	
634805	692113	
634849	691996	
634846	693187	
634980	692929	
634792	691514	
634825	691942	
634798	691186	
634868	690962	
634812	691709	
634836	691012	
634724	690440	
634856	690750	
634747	690229	
634838	690186	
634784	690733	
634727	690218	
634852	688999	
634861	690591	
634867	689589	
634834	689687	
634819	691250	
634845	691567	
634824	691759	
634794	690185	
634889	689654	
634730	690215	
634790	690447	
634814	691158	
634822	690779	
634831	689809	
634800	690106	
634797	689234	
634780	690934	
634796	689618	
634819	689616	
634734	690489	
634767	689371	
634812	689595	
634709	688853	
634770	690023	
634768	690106	
634797	688424	
634872	689223	
634761	690200	
634777	689132	
634810	689977	
634819	691286	
634802	689841	
634823	689412	
634849	689016	
634781	688780	
634748	690935	
634758	687493	
634799	689655	
634802	689402	
634679	689787	
634821	688420	
634777	689640	
634759	688619	
634821	690326	
634775	689469	
634694	690351	
634803	688343	
634756	688294	
634705	691229	
634692	689492	
634823	689566	
634776	689306	
634772	689713	
634695	689663	
634761	690075	
634789	689911	
634830	688651	
634756	689406	
634731	688899	
634727	689115	
634765	687671	
634762	689054	
634756	687620	
634729	688179	
634745	688865	
634758	689702	
634691	689367	
634756	689774	
634773	687772	
634749	689124	
634772	688605	
634747	688237	
634791	689062	
634749	688569	
634795	689508	
634817	689105	
634718	688649	
634797	688651	
634731	689179	
634755	688795	
634758	688478	
634728	688392	
634720	689104	
634750	688128	
634746	687998	
634763	687886	
634755	689314	
634683	690168	
634742	687799	
634763	689412	
634720	689076	
634715	689466	
634755	688265	
634764	687882	
634658	689446	
634773	687953	
634771	687710	
634759	689017	
634721	689629	
634748	687837	
634767	687784	
634685	687046	
634790	688535	
634772	688675	
634732	687165	
634739	688259	
634705	688843	
634771	688226	
634664	689079	
634782	689317	
634676	689061	
634731	688071	
634749	688340	
634783	687071	
634712	687862	
634725	688130	
634625	688907	
634788	688078	
634735	688839	
634709	688101	
634743	688117	
634683	689046	
634656	687746	
634724	688645	
634694	689606	
634767	688978	
634695	687246	
634678	687715	
634700	688413	
634663	687872	
634712	689118	
634745	688814	
634754	688412	
634694	688101	
634713	688642	
634718	687683	
634790	688834	
634643	688214	
634714	688576	
634821	688651	
634700	686974	
634731	688481	
634734	688508	
634661	688041	
634847	687070	
634735	688905	
634708	688282	
634720	688320	
634774	687930	
634736	687969	
634631	688185	
634743	687958	
634654	687182	
634768	688998	
634725	689111	
634642	687074	
634747	688558	
634645	688697	
634690	688226	
634739	689378	
634678	687384	
634750	688686	
634680	688004	
634732	688385	
634674	688884	
634652	688733	
634755	687902	
634751	687290	
634599	687921	
634688	687913	
634749	689205	
634735	686954	
634717	688528	
634762	688792	
634632	687417	
634643	688514	
634753	686714	
634736	688288	
634728	688200	
634679	687366	
634743	688707	
634675	688621	
634637	687806	
634657	687067	
634691	688198	
634669	688684	
634618	687406	
634717	688150	
634720	688489	
634650	688081	
634652	689439	
634696	687118	
634780	687506	
634654	688500	
634659	688418	
634703	688083	
634652	687955	
634704	687006	
634605	686608	
634712	688806	
634646	688131	
634673	687358	
634682	687865	
634652	687357	
634624	686957	
634760	687833	
634685	688522	
634652	689509	
634750	688803	
634813	687201	
634711	687506	
634603	689045	
634689	688578	
634667	689330	
634713	688148	
634717	688120	
634661	688547	
634637	688601	
634612	688941	
634707	688071	
634681	688084	
634635	688089	
634614	687695	
634691	688214	
634674	689187	
634657	688098	
634715	688989	
634706	688141	
634637	687894	
634715	687661	
634652	687437	
634632	688357	
634626	688047	
634680	687651	
634640	688205	
634733	687094	
634588	687497	
634752	688117	
634615	687988	
634642	687288	
634697	687552	
634656	686684	
634648	689010	
634522	688030	
634763	688425	
634700	686782	
634657	686151	
634622	688070	
634670	687892	
634695	686979	
634663	687096	
634666	688039	
634637	688207	
634575	688072	
634763	688040	
634683	687929	
634664	688229	
634660	687702	
634663	687805	
634654	687754	
634665	688881	
634648	686724	
634668	686522	
634610	688421	
634636	689068	
634700	687936	
634698	687503	
634668	687402	
634660	687770	
634714	687709	
634672	688333	
634623	688395	
634689	687080	
634673	687149	
634632	687683	
634706	686905	
634640	687819	
634622	687929	
634664	687473	
634713	687874	
634695	689027	
634699	686338	
634612	688367	
634701	687804	
634612	687429	
634691	688270	
634683	686969	
634630	687462	
634621	687365	
634704	687625	
634670	688434	
634638	687641	
634606	687178	
634687	687497	
634629	688843	
634654	687351	
634681	688663	
634614	687243	
634609	688390	
634673	688149	
634719	688580	
634684	686893	
634603	686707	
634613	687952	
634679	687052	
634620	687536	
634598	687565	
634608	687864	
634664	687756	
634733	687123	
634624	687086	
634628	687264	
634603	686639	
634695	687978	
634670	687183	
634628	686489	
634660	687869	
634603	687887	
634788	688489	
634643	687781	
634563	687281	
634653	688613	
634639	687653	
634674	688594	
634688	687575	
634602	687703	
634652	686679	
634586	687886	
634663	687196	
634678	687765	
634637	687323	
634594	687979	
634645	687498	
634696	687725	
634698	687812	
634589	686358	
634712	686736	
634671	688339	
634579	688788	
634721	687543	
634616	687753	
634640	687665	
634657	687069	
634604	687478	
634695	687619	
634565	688358	
634648	687394	
634777	688608	
634640	687758	
634663	686506	
634581	688611	
634649	687571	
634683	688413	
634681	687512	
634563	687736	
634603	687282	
634654	686416	
634648	686571	
634584	688053	
634617	687542	
634680	687328	
634696	687721	
634611	685906	
634608	688675	
634636	687363	
634624	686934	
634657	687472	
634626	687219	
634653	687765	
634656	687889	
634626	687736	
634647	688284	
634639	688605	
634652	687378	
634636	686901	
634657	688003	
634649	686090	
634617	687960	
634666	688172	
634610	687842	
634660	687672	
634619	687379	
634619	686797	
634630	688066	
634664	687890	
634586	687346	
634604	686956	
634696	688200	
634693	687959	
634619	687519	
634658	687085	
634680	688735	
634657	685670	
634606	687677	
634642	687313	
634612	687341	
634638	686530	
634649	686953	
634634	687770	
634658	688181	
634654	687584	
634675	688662	
634600	687350	
634628	687967	
634684	687702	
634665	687572	
634597	688550	
634713	687261	
634556	687431	
634645	687160	
634627	688309	
634708	687851	
634643	687323	
634695	686962	
634579	686310	
634586	688854	
634658	687531	
634618	686522	
634589	687661	
634805	687909	
634719	688091	
634666	686591	
634660	686410	
634585	687849	
634622	688088	
634619	687511	
634582	688111	
634712	687388	
634677	686915	
634565	688180	
634649	686462	
634602	686149	
634570	686845	
634596	686933	
634594	688593	
634720	687262	
634564	687938	
634661	688052	
634565	685894	
634600	686351	
634636	686773	
634581	687539	
634623	686691	
634647	687753	
634517	686952	
634605	687771	
634503	686351	
634667	687985	
634629	687257	
634507	687146	
634633	686672	
634635	687102	
634648	686313	
634546	687432	
634582	688020	
634556	688191	
634564	687363	
634681	687441	
634604	687676	
634579	687688	
634566	687227	
634622	687414	
634623	688384	
634590	687923	
634556	686302	
634649	686815	
634601	687970	
634570	687590	
634607	688056	
634619	688119	
634590	686364	
634588	687728	
634588	688631	
634544	687384	
634620	686309	
634607	687212	
634597	687542	
634552	687589	
634558	687493	
634607	686955	
634599	687702	
634573	687578	
634574	686886	
634609	686126	
634578	688413	
634560	687213	
634612	687863	
634584	686447	
634562	687138	
634588	687033	
634603	686928	
634557	687108	
634628	687465	
634624	688103	
634596	687890	
634524	686360	
634657	686955	
634543	689627	
634543	687822	
634556	685817	
634608	687511	
634614	687240	
634528	687480	
634603	687499	
634551	687358	
634584	687303	
634564	687856	
634578	687929	
634586	687459	
634512	686682	
634621	687487	
634619	687437	
634532	687467	
634611	687198	
634536	688031	
634583	686939	
634527	687664	
634546	686872	
634656	686565	
634470	687975	
634582	687241	
634562	687902	
634553	686666	
634535	687263	
634540	687043	
634652	687326	
634579	687454	
634581	686836	
634538	687355	
634574	687587	
634663	686966	
634584	687531	
634515	686968	
634533	686652	
634604	686816	
634620	687595	
634621	688385	
634506	687726	
634632	688687	
634621	686988	
634636	687558	
634562	686644	
634547	687547	
634638	687081	
634553	688028	
634641	688419	
634592	689213	
634529	687604	
634618	686781	
634574	686921	
634542	687392	
634562	686846	
634531	687713	
634639	687621	
634569	687248	
634597	686482	
634550	688323	
634596	687092	
634588	688041	
634605	688644	
634598	687717	
634610	687223	
634608	686684	
634628	687668	
634504	686878	
634546	686374	
634525	688036	
634658	687894	
634595	687476	
634605	686940	
634574	687451	
634607	687453	
634562	689188	
634534	688143	
634615	686773	
634561	686927	
634673	688089	
634560	687609	
634612	687155	
634650	687020	
634539	687886	
634606	688566	
634606	687234	
634591	686137	
634530	686855	
634534	688017	
634572	686154	
634592	687320	
634524	687895	
634626	687135	
634554	688333	
634577	687381	
634596	687089	
634598	687041	
634635	686643	
634633	688273	
634623	686875	
634614	686707	
634497	687029	
634584	688548	
634627	686707	
634600	687623	
634604	688221	
634601	687429	
634604	687038	
634635	688433	
634538	686595	
634645	687274	
634614	687707	
634568	687166	
634560	688080	
634620	687630	
634538	687229	
634538	687793	
634566	687588	
634589	687454	
634607	687679	
634588	688024	
634628	688874	
634581	687296	
634547	686895	
634588	687617	
634491	687432	
634649	686478	
634567	687251	
634529	689016	
634598	687449	
634598	687339	
634666	686719	
634556	687788	
634623	688413	
634524	687838	
634646	687897	
634540	687583	
634599	687680	
634593	686883	
634645	689023	
634558	688006	
634666	688383	
634591	688030	
634644	689262	
634570	688335	
634574	687723	
634585	687617	
634591	687558	
634580	688105	
634677	688479	
634584	688100	
634557	687658	
634662	686851	
634654	687124	
634597	687950	
634655	687121	
634639	688874	
634564	687554	
634594	687305	
634617	688250	
634659	688012	
634640	687603	
634570	687762	
634668	686738	
634624	688258	
634554	687459	
634727	687013	
634666	689191	
634551	687229	
634662	688027	
634637	687962	
634631	686950	
634618	688143	
634610	687457	
634685	687772	
634589	688000	
634597	687796	
634666	687306	
634650	686792	
634595	687246	
634572	687739	
634596	686764	
634662	686807	
634683	687479	
634695	688395	
634646	686717	
634691	688406	
634635	688028	
634719	687988	
634649	688411	
634634	686701	
634650	687854	
634645	686942	
634648	687180	
634591	687201	
634690	687188	
634633	687941	
634688	687362	
634639	687662	
634657	686597	
634631	687238	
634700	687322	
634625	687156	
634600	687611	
634665	688955	
634542	686133	
634755	687450	
634632	686945	
634653	686730	
634684	687467	
634650	687497	
634673	688025	
634607	687743	
634709	687658	
634643	687270	
634653	688891	
634696	688033	
634640	687026	
634656	688418	
634673	686893	
634668	687386	
634722	686510	
634591	686694	
634716	688796	
634634	687180	
634633	687591	
634638	687666	
634646	687282	
634617	686145	
634633	686666	
634611	686989	
634675	688017	
634687	686656	
634697	687659	
634743	686763	
634697	686956	
634635	687512	
634660	686305	
634635	687275	
634666	688557	
634613	688037	
634685	688087	
634662	685660	
634678	687092	
634678	685417	
634696	687566	
634659	687383	
634658	687936	
634685	687908	
634742	685872	
634628	685960	
634705	686379	
634687	687694	
634669	687598	
634635	687869	
634694	687111	
634663	686963	
634731	687200	
634667	687035	
634678	686922	
634631	688001	
634660	687264	
634750	685861	
634659	687765	
634697	686723	
634668	686985	
634694	687009	
634668	686856	
634704	687346	
634692	688630	
634687	687706	
634750	687850	
634683	687876	
634717	686934	
634688	687944	
634670	686869	
634692	687589	
634719	686944	
634677	688151	
634651	686302	
634676	687723	
634714	687347	
634690	687016	
634676	688737	
634642	686895	
634725	687174	
634735	687497	
634680	688524	
634600	687491	
634618	688005	
634744	685940	
634770	688336	
634687	686808	
634628	689821	
634749	686488	
634751	688814	
634749	687360	
634673	686741	
634666	687148	
634733	687299	
634687	687764	
634727	686596	
634599	687644	
634618	686502	
634711	687611	
634790	687800	
634686	686213	
634658	686508	
634716	686322	
634709	687649	
634683	686796	
634724	687741	
634666	687317	
634653	686706	
634627	688021	
634809	686935	
634606	687389	
634703	688023	
634701	686559	
634762	687001	
634651	687421	
634625	686990	
634708	687867	
634758	687349	
634733	685874	
634740	686892	
634704	687185	
634689	688399	
634668	686476	
634731	686944	
634732	687489	
634699	687234	
634662	686825	
634727	687292	
634745	687755	
634689	688236	
634698	687107	
634712	687332	
634682	686676	
634790	687302	
634732	688068	
634704	687833	
634686	687573	
634725	686828	
634721	686345	
634681	687547	
634745	688225	
634681	687162	
634697	686735	
634676	687610	
634690	687551	
634693	688234	
634787	685882	
634662	686230	
634756	688074	
634684	687102	
634712	686520	
634675	686817	
634801	687711	
634690	686155	
634683	685505	
634785	686456	
634723	686706	
634653	686994	
634741	688196	
634745	687766	
634785	686735	
634654	687015	
634854	687642	
634703	687501	
634773	688245	
634685	687970	
634778	688548	
634766	688303	
634761	685330	
634695	686373	
634719	686876	
634745	686866	
634749	687421	
634790	686768	
634736	687454	
634656	686866	
634711	687762	
634792	687125	
634724	687421	
634722	686248	
634640	686701	
634791	688451	
634700	686173	
634798	687783	
634801	685724	
634657	687522	
634744	686829	
634780	687625	
634685	687366	
634710	686835	
634739	688003	
634772	687767	
634769	686269	
634803	686764	
634753	686198	
634760	687003	
634756	686863	
634688	687605	
634762	686521	
634762	687695	
634782	688845	
634839	688057	
634754	687162	
634684	688239	
634800	686070	
634798	686980	
634727	685774	
634759	687964	
634748	687300	
634802	687159	
634819	686213	
634783	687016	
634761	686272	
634717	687222	
634741	687514	
634789	687057	
634770	687350	
634786	687295	
634746	686438	
634769	685646	
634804	686220	
634777	687520	
634791	687468	
634743	687050	
634780	687890	
634817	687126	
634726	687899	
634797	687137	
634721	687735	
634875	686434	
634755	685198	
634726	687203	
634797	688583	
634779	687909	
634844	688017	
634778	687234	
634793	687141	
634837	687863	
634767	686978	
634702	686742	
634789	687072	
634795	687202	
634841	688381	
634743	687183	
634829	687672	
634752	687511	
634827	687310	
634773	686867	
634787	687892	
634825	686978	
634853	687019	
634776	685488	
634778	687830	
634770	686260	
634796	687124	
634874	685830	
634802	686385	
634773	687196	
634743	686714	
634794	686443	
634831	687131	
634777	687309	
634773	687098	
634803	688365	
634778	687204	
634818	688147	
634792	687242	
634815	686888	
634780	688134	
634777	687417	
634787	687712	
634782	687762	
634842	686096	
634812	685850	
634813	687949	
634793	686192	
634779	688014	
634826	687114	
634776	686719	
634786	686894	
634869	686692	
634753	686879	
634849	687154	
634758	687093	
634868	686848	
634793	686837	
634892	685949	
634778	687862	
634795	687422	
634824	688196	
634836	687672	
634840	688028	
634730	686647	
634898	686547	
634740	687832	
634839	686831	
634775	687473	
634912	687174	
634836	687664	
634900	687034	
634797	688361	
634865	687495	
634801	687911	
634829	687256	
634859	686695	
634835	687358	
634813	687884	
634799	687660	
634829	687536	
634758	686053	
634865	686342	
634880	687480	
634824	688087	
634797	686485	
634886	687164	
634911	687175	
634845	687309	
634853	687227	
634751	685771	
634871	687071	
634825	687506	
634763	686171	
634823	686564	
634784	688009	
634892	687399	
634835	686579	
634795	687489	
634886	686814	
634790	687511	
634939	686472	
634851	687493	
634792	686544	
634890	687416	
634829	686370	
634852	685485	
634860	686883	
634763	687224	
634810	687108	
634863	687714	
634936	686192	
634868	686576	
634820	686447	
634790	687674	
634824	687057	
634869	687570	
634877	685880	
634801	686497	
634867	688030	
634853	686678	
634903	686196	
634897	687794	
634852	686363	
634821	686678	
634871	686858	
634846	687397	
634868	687082	
634800	687962	
634917	687139	
634883	686971	
634884	686852	
634804	687637	
634824	686185	
634839	687902	
634768	686514	
634921	687412	
634811	686746	
634978	687100	
634877	685954	
634875	686964	
634812	688028	
634848	686623	
634839	687604	
634855	686500	
634864	688002	
634865	688040	
634912	687749	
634871	686786	
634838	687490	
634821	687160	
634883	687282	
634817	686876	
634898	687485	
634823	686423	
634875	686900	
634829	687678	
634933	686786	
634803	687705	
634872	686397	
634823	686905	
634845	687927	
634906	687634	
634836	685393	
634875	687453	
634908	686034	
634805	686155	
634830	687033	
634919	686771	
634872	688046	
634830	687494	
634860	687089	
634875	686944	
634866	687026	
634899	686383	
634844	686763	
634892	686068	
634902	687323	
634847	687686	
634931	687498	
634922	686880	
634843	688275	
634852	686864	
634894	686941	
634916	686376	
634870	686766	
634880	687330	
634827	687425	
634861	686842	
634988	685936	
634785	687049	
634939	687987	
634869	686007	
634873	688292	
634896	687310	
634947	687186	
634855	687449	
634851	686515	
634859	686091	
634881	686578	
634891	686222	
634872	687377	
634902	687009	
634863	687191	
634875	686924	
634830	688090	
634974	688227	
634873	687241	
634870	686747	
634865	687263	
634889	688294	
634887	686591	
634868	686763	
634897	686976	
634885	685826	
634856	688389	
634881	686659	
634919	686561	
634940	687644	
634887	686430	
634910	686993	
634847	686352	
634893	687565	
634906	685688	
634882	685731	
634940	685903	
634894	687357	
634864	685904	
634916	686671	
634909	686245	
634891	686549	
634916	686812	
634825	687738	
634925	687038	
634881	686605	
634913	686395	
634984	688207	
634880	687582	
634857	686910	
634924	687161	
634879	688146	
634868	686595	
634931	686576	
634860	686202	
634872	686486	
634920	687546	
634917	686739	
634860	687435	
634849	686624	
634884	687619	
634943	686591	
634937	686973	
634860	685853	
634950	686720	
634876	687218	
634819	686466	
634945	688408	
634826	686358	
634890	687191	
634917	687366	
634887	687275	
634874	686447	
634878	686139	
634918	688229	
634885	686031	
634870	686040	
634961	686851	
634859	685599	
634854	686886	
634887	686609	
634845	685766	
635002	687575	
634842	687186	
634897	686130	
634819	687397	
634878	687004	
634877	687476	
634970	687474	
634875	688400	
634898	687343	
634931	686666	
634941	686636	
634889	687263	
634858	686030	
634860	686504	
634976	686107	
634875	686672	
634825	686194	
634874	687152	
634903	687576	
634871	687166	
634881	688581	
634892	687042	
634908	687656	
634918	687045	
634902	688221	
634937	686912	
634840	687056	
634906	687348	
634952	686877	
634848	686811	
634858	686942	
634886	687380	
634884	685508	
634932	686498	
634938	687322	
634865	686422	
634949	686261	
634849	688221	
634898	687739	
634903	686771	
634937	686931	
634811	686484	
634934	686625	
634968	686297	
634885	686752	
634914	686498	
634876	687399	
634924	687577	
634852	686041	
634904	687164	
634953	686263	
634902	686992	
634938	686723	
634873	686926	
634816	686373	
634924	686643	
634980	686651	
634826	687781	
634908	687175	
634869	687367	
634881	687083	
634930	687282	
634898	687329	
634817	686764	
634848	686874	
634916	688079	
634873	687463	
634843	687116	
634890	686234	
634952	686794	
634862	686493	
634832	686409	
634834	688141	
634943	686875	
634879	688171	
634903	686134	
634842	686511	
634910	687827	
634974	687051	
634925	687428	
634857	687305	
634840	688145	
634950	688177	
634900	687147	
634912	687795	
634798	687158	
634879	687119	
634898	686669	
634892	686712	
634834	686545	
634868	687121	
634878	686464	
634936	686325	
634950	687753	
634876	688323	
634841	687195	
634869	686700	
634949	687168	
634931	686929	
634852	686048	
634864	687528	
634895	686633	
634951	686350	
634873	686971	
634847	686191	
634892	688478	
634849	686576	
634965	687444	
634952	686376	
634833	687229	
634853	687085	
634884	686319	
634883	687702	
634946	687945	
634790	687790	
634977	687034	
634920	686806	
634891	687797	
634834	685892	
634873	686983	
634858	687409	
634854	688224	
634965	687678	
634816	686446	
634857	687007	
634806	686545	
634959	688790	
634901	687674	
634821	687974	
634879	687111	
634966	686767	
634864	687399	
634919	686049	
634905	688052	
634873	686688	
634889	686173	
634919	688078	
634876	688193	
634942	686386	
634841	687675	
634884	687915	
634869	687255	
634849	688471	
634883	686313	
634922	686586	
634847	687245	
634865	687743	
634885	687159	
634952	686347	
634952	685848	
634802	685986	
634891	686266	
634877	686881	
634938	687996	
634856	686782	
634865	686092	
634919	686317	
634895	686450	
634904	687951	
634869	686597	
634777	686733	
634937	686594	
634888	686774	
634878	687153	
634848	686664	
634870	686272	
634946	687314	
634822	686689	
634866	687734	
634837	687650	
634918	687670	
634930	686388	
634911	687196	
634816	688314	
634910	687468	
634873	687786	
634914	686574	
634868	688041	
634810	686724	
634872	686331	
634930	687788	
634853	686985	
634858	686947	
634848	686101	
634922	686537	
634788	687458	
634919	687503	
634791	687091	
634895	686927	
634852	686265	
634869	687869	
634868	687187	
634837	688066	
634870	686583	
634948	686548	
634847	687254	
634896	685494	
634939	688313	
634842	685851	
634868	686615	
634896	686258	
634837	685838	
634876	688369	
634851	686673	
634845	686714	
634953	687750	
634871	687598	
634880	687571	
634903	688265	
634916	686265	
634866	686545	
634883	687093	
634871	686565	
634929	686610	
634881	687355	
634867	687871	
634862	685544	
634895	688000	
634954	688722	
634853	687021	
634859	688033	
634874	686561	
634911	687530	
634826	687438	
634829	685863	
634896	688514	
634934	686362	
634833	687351	
634799	687729	
634888	686813	
634856	686846	
634871	686547	
634865	687075	
634882	685615	
634823	687722	
634929	686011	
634859	687296	
634835	687797	
634871	687167	
634879	687755	
634972	685764	
634858	687168	
634873	686214	
634836	686876	
634917	686745	
634841	687080	
634879	687455	
634878	687002	
634856	686464	
634847	687527	
634802	687082	
634864	687248	
634855	687502	
634779	686341	
634896	687030	
634840	685889	
634823	686889	
634793	687754	
634825	687057	
634892	686858	
634921	687816	
634868	687723	
634814	687639	
634848	687293	
634873	686325	
634861	686355	
634814	687356	
634811	686830	
634921	686544	
634851	686507	
634840	686336	
634781	686888	
634877	687089	
634855	688154	
634852	688271	
634842	687251	
634848	687447	
634831	686593	
634835	686588	
634875	687304	
634844	686008	
634893	687258	
634870	686665	
634792	687034	
634857	686867	
634900	687442	
634851	686174	
634794	687630	
634875	687511	
634835	687218	
634876	685502	
634885	686734	
634815	685672	
634784	686701	
634839	687227	
634877	687652	
634767	687280	
634879	686853	
634855	686703	
634793	687963	
634828	686646	
634821	686807	
634767	687237	
634940	687029	
634917	686041	
634793	687439	
634792	686755	
634781	686650	
634915	687487	
634822	686595	
634819	686795	
634800	685918	
634718	686631	
634902	686878	
634771	687386	
634804	687124	
634810	685661	
634813	686680	
634813	687073	
634803	687967	
634856	686993	
634903	688286	
634766	687503	
634885	686956	
634862	686909	
634791	686212	
634769	686448	
634843	686368	
634873	686673	
634807	686695	
634825	685997	
634793	687425	
634845	685318	
634776	686425	
634813	686575	
634785	687623	
634779	687193	
634878	686599	
634746	686359	
634815	688172	
634791	687906	
634842	687300	
634783	686770	
634882	687904	
634719	687082	
634843	687187	
634838	687060	
634820	687740	
634857	686632	
634779	687010	
634792	686698	
634766	686521	
634792	685809	
634816	686718	
634716	687777	
634827	687358	
634742	686707	
634910	687231	
634728	687863	
634763	687198	
634799	686964	
634750	686162	
634835	685788	
634810	687171	
634788	686795	
634791	685855	
634837	687107	
634835	686870	
634746	686723	
634767	687440	
634750	686816	
634845	688617	
634796	687322	
634763	687117	
634787	688010	
634769	685617	
634784	686586	
634787	686930	
634758	685933	
634776	686414	
634833	686171	
634776	687729	
634795	686720	
634776	687530	
634810	686859	
634852	686352	
634818	685845	
634828	686877	
634833	687523	
634714	688331	
634801	685756	
634780	686349	
634817	687072	
634714	687750	
634798	686486	
634765	686950	
634831	686819	
634771	686551	
634799	686525	
634755	687451	
634740	687281	
634827	686527	
634737	687013	
634835	687208	
634691	686662	
634726	688375	
634822	688186	
634734	688407	
634746	686171	
634734	687708	
634776	687461	
634775	687606	
634812	686453	
634817	686585	
634735	686878	
634815	687439	
634775	686802	
634697	686520	
634721	686531	
634821	687754	
634821	687539	
634778	687179	
634695	686949	
634805	687243	
634714	686639	
634708	687670	
634772	685922	
634786	686879	
634771	686095	
634788	687264	
634746	686059	
634770	686496	
634762	687173	
634805	686556	
634844	686982	
634736	687469	
634801	687204	
634739	686498	
634826	687512	
634774	686439	
634762	686690	
634696	687485	
634714	687272	
634784	686675	
634788	688039	
634755	685980	
634685	686800	
634792	686318	
634675	685949	
634791	687178	
634796	686442	
634691	688269	
634764	686975	
634739	688052	
634733	686257	
634759	686193	
634717	686609	
634722	685765	
634765	687019	
634794	687182	
634697	686983	
634824	686955	
634796	686256	
634705	685987	
634707	687908	
634721	687830	
634759	686242	
634757	685952	
634789	686889	
634717	686511	
634761	687076	
634773	685439	
634714	686860	
634824	687679	
634698	687476	
634785	687185	
634820	686278	
634672	686542	
634711	687226	
634750	689308	
634725	688221	
634761	687055	
634720	686658	
634742	686879	
634747	686479	
634738	687560	
634701	686599	
634711	688028	
634712	687106	
634722	686925	
634728	686232	
634712	687379	
634768	686549	
634813	687004	
634747	686766	
634765	686939	
634762	686172	
634771	687789	
634729	688045	
634695	686440	
634790	686941	
634721	686692	
634722	686772	
634696	686420	
634754	686445	
634789	687855	
634718	687338	
634682	687882	
634737	686947	
634686	686799	
634658	685473	
634736	685555	
634668	687322	
634739	686042	
634788	686275	
634705	687331	
634722	686239	
634718	686839	
634839	685980	
634700	686433	
634666	686733	
634731	687812	
634721	686499	
634777	687218	
634749	687277	
634694	686474	
634693	687131	
634750	687000	
634738	688075	
634704	686708	
634651	687680	
634767	686625	
634763	688368	
634702	687511	
634765	686022	
634744	687220	
634759	686658	
634690	686545	
634739	687736	
634676	686031	
634700	686203	
634791	686483	
634698	686871	
634693	688108	
634711	686141	
634739	686493	
634757	687016	
634715	686532	
634699	687469	
634809	687423	
634697	686096	
634671	686609	
634779	686270	
634682	686961	
634699	687898	
634676	686924	
634706	686580	
634759	688285	
634740	687230	
634630	687655	
634755	687978	
634754	686576	
634766	687719	
634683	687987	
634703	687034	
634670	687450	
634760	686686	
634791	686597	
634653	687111	
634696	684999	
634705	688370	
634747	686674	
634754	686655	
634703	687370	
634692	687869	
634672	687214	
634720	686935	
634748	687293	
634672	687335	
634720	686482	
634695	686351	
634747	686968	
634714	687180	
634670	687210	
634708	687011	
634696	685674	
634743	687494	
634716	686662	
634711	688366	
634799	686710	
634718	686968	
634736	686974	
634716	686347	
634644	686294	
634730	686896	
634635	686631	
634749	687745	
634765	686103	
634700	686588	
634680	686302	
634713	686800	
634762	687222	
634767	687301	
634642	685686	
634720	686366	
634774	686732	
634761	687516	
634690	686415	
634673	686272	
634679	686913	
634703	687832	
634716	686086	
634674	687403	
634736	686148	
634784	687441	
634677	686158	
634652	686244	
634772	686329	
634693	686085	
634639	686584	
634686	687060	
634726	687083	
634716	687645	
634706	686012	
634604	686612	
634685	686748	
634726	686184	
634729	687075	
634687	686403	
634678	686610	
634711	687331	
634767	685961	
634680	686196	
634675	687610	

 Comment
@