Version  	 2.0
 Type  	analog
 Azimut 	180
 Exceed 	20
 Alpha  	40
 Quantity of cycles 	1000
 Quantity of strobes 	2001
 Strobe 	10
 Delay  	0
 Time begin 	17:25:25
 Time end   	17:26:15
 Data
635051	670637	
635053	669858	
634449	670246	
635262	671144	
635326	742244	
634357	690437	
630581	1751217	
659410	2560826	
639058	1123961	
637265	784287	
637828	720444	
639502	682651	
636585	680358	
635755	693928	
636528	683627	
635065	676922	
634822	682976	
634897	680196	
635195	676033	
634915	676107	
634750	677409	
635529	675488	
635254	673610	
635366	676449	
635264	675887	
635298	677000	
635127	675657	
634967	676301	
634964	678052	
634818	681430	
634935	694354	
635112	709925	
635374	734566	
635651	763012	
636020	797979	
636430	833816	
636611	863352	
636729	884907	
636788	898431	
636875	904885	
636947	904068	
637011	894389	
636958	878085	
636957	864323	
637002	847311	
637088	834969	
637080	829576	
636964	819258	
636962	808798	
636861	796206	
636808	782249	
636694	772606	
636482	768435	
636351	763552	
636410	759961	
636283	757448	
636238	754269	
636104	749723	
636121	747198	
636176	743656	
636157	740260	
636071	736259	
636003	733548	
635998	731666	
635948	727440	
635869	723511	
635778	721523	
635745	718215	
635864	716725	
635727	713878	
635650	713158	
635698	712063	
635744	709876	
635782	710261	
635771	707897	
635611	707623	
635756	707473	
635663	705359	
635611	705228	
635544	701983	
635502	698971	
635582	696146	
635546	696060	
635504	694664	
635503	692297	
635498	692487	
635531	695231	
635534	694028	
635586	695695	
635471	694406	
635491	692128	
635419	691528	
635409	690189	
635416	689934	
635370	687659	
635462	688272	
635372	687974	
635363	687925	
635378	687367	
635403	686832	
635367	685399	
635406	684325	
635383	683598	
635383	683440	
635318	683145	
635348	681695	
635357	682427	
635278	683422	
635292	682202	
635369	681941	
635346	680227	
635390	681265	
635288	680751	
635316	680672	
635340	679651	
635250	679755	
635302	679327	
635291	678060	
635261	679207	
635211	677141	
635208	676694	
635221	676712	
635226	677468	
635138	676411	
635268	675867	
635269	676402	
635219	676518	
635192	676128	
635256	675673	
635274	676168	
635232	675300	
635181	675203	
635207	674149	
635227	673569	
635257	673793	
635223	675512	
635168	674965	
635140	675602	
635229	676038	
635282	675492	
635221	676477	
635146	675079	
635143	675465	
635205	676118	
635190	675615	
635196	675907	
635202	674753	
635156	674342	
635195	674871	
635194	673373	
635129	673650	
635079	674349	
635189	673022	
635207	673487	
635189	673471	
635154	673535	
635119	673874	
635109	672676	
635224	673303	
635196	673598	
635074	672553	
635159	673296	
635184	673474	
635149	673222	
635196	672868	
635077	672898	
635150	672952	
635198	672438	
635154	672682	
635192	673067	
635080	671747	
635111	671733	
635167	671227	
635104	673794	
635099	671697	
635167	672350	
635151	672425	
635058	672102	
635120	672925	
635030	672478	
635119	672793	
635197	672292	
635098	671743	
635170	671933	
635040	671707	
635148	673289	
635149	673393	
635152	671086	
635054	670720	
635212	671532	
635160	672970	
635080	671864	
634987	671957	
635073	671685	
635162	671031	
635144	672095	
635064	670584	
635059	671508	
635056	672136	
635205	671299	
635180	672122	
635072	670483	
635014	670437	
635092	671909	
635151	672546	
635050	672420	
635097	670873	
635052	672199	
635108	671672	
635104	671833	
635066	671984	
635103	672089	
635123	670752	
635161	671764	
635076	671667	
635082	670379	
635112	670524	
635136	671805	
635137	671600	
635093	670131	
635073	672568	
635071	671479	
635132	670714	
635118	670598	
635125	671152	
635046	671794	
635091	671125	
635114	670215	
635114	671429	
635099	670778	
635087	671895	
635123	672202	
635106	670306	
635065	670728	
635117	670123	
635139	671036	
635067	670449	
634983	669951	
635141	671357	
635112	671184	
635115	670870	
635049	671227	
635048	670182	
635096	670944	
635076	671511	
635084	671907	
635124	671264	
635061	670846	
635079	669426	
635080	671057	
635058	671021	
635138	671039	
635017	671143	
635100	669197	
635125	669922	
635005	669852	
635137	670343	
635064	670503	
635082	669619	
635069	670399	
635048	670876	
635000	671084	
635066	671047	
635046	670994	
635115	670217	
635091	670805	
635033	670952	
635038	671408	
635106	669667	
635045	670405	
635042	671384	
635049	670507	
635016	669861	
635148	670848	
635082	671262	
635038	670411	
635067	671164	
635131	670148	
635112	670423	
634993	671044	
635025	671004	
635006	670871	
635069	669287	
635071	669877	
635074	670431	
635059	670167	
635011	670176	
635035	671431	
635158	669524	
635070	671353	
635050	670147	
634993	670371	
635089	670330	
635038	669668	
635094	670186	
635027	670147	
635025	670258	
635057	669936	
635040	668700	
635085	670789	
635043	671183	
634958	670141	
635145	670984	
635021	670195	
635043	670507	
635110	671929	
634986	670833	
635103	671140	
635141	669404	
635017	669454	
634953	671279	
635023	668937	
635055	670019	
634983	671432	
635001	671603	
635043	671381	
635073	669912	
635117	669088	
635095	670365	
634980	670464	
635049	670747	
635042	670318	
635102	670492	
634986	670008	
635058	669928	
634989	669881	
635057	669997	
635073	670284	
634977	669943	
634988	670471	
634967	670956	
635076	669103	
635050	670268	
635021	669586	
634984	668778	
634990	670354	
635146	668819	
634994	670600	
634963	669448	
635035	670799	
635065	670215	
635047	670840	
634967	669828	
635032	670871	
635059	670342	
634967	670774	
635065	670358	
634992	670616	
634974	669771	
635017	669787	
635068	669314	
634990	669905	
635005	669753	
634964	670268	
635057	670402	
635009	670684	
635069	669461	
634963	670027	
635026	671379	
634981	669154	
635014	670764	
634995	669805	
634967	669367	
635041	669707	
634979	668909	
634976	670522	
634991	670869	
634940	670759	
634991	669190	
635060	670724	
635012	668996	
634979	670655	
634968	669699	
634999	671438	
635082	668215	
634993	669716	
634998	670589	
634958	671167	
635014	668765	
635080	670254	
635040	669509	
634969	670860	
634993	669912	
634980	669519	
635024	670835	
634988	669624	
634952	669414	
635057	670985	
634998	670146	
635013	669670	
635031	669803	
634962	670671	
635027	669363	
635023	670049	
635064	670340	
634942	670589	
634968	670372	
635024	669973	
635019	670077	
635015	668900	
634942	669125	
635048	668923	
635035	670438	
635066	668173	
634945	668577	
634976	670103	
635069	669990	
635034	669331	
634961	670150	
634956	669147	
634983	669782	
635016	669838	
634915	669545	
635031	669205	
634920	670106	
634987	669587	
635024	670724	
634924	668407	
634931	670433	
634934	670020	
634965	670925	
634982	670764	
634966	670892	
634963	669005	
634935	669269	
635025	670126	
634968	670457	
634921	670378	
634988	669876	
634953	671016	
635057	669849	
634930	669601	
634993	669769	
634952	669330	
635002	669266	
634934	670460	
634943	669711	
634994	671333	
635047	669325	
634956	669075	
634949	669280	
634934	669007	
634937	670733	
634980	669872	
634945	670887	
635004	669968	
634968	670900	
635055	670062	
634995	669915	
634947	669761	
634900	667452	
634962	670184	
635036	669648	
634938	671359	
634952	670655	
634992	669261	
635015	668448	
635020	668990	
635015	669116	
634949	670910	
634965	669759	
634934	669481	
634999	668930	
634898	669586	
634999	670952	
634950	669722	
634916	669660	
634974	669597	
634965	670736	
635043	670022	
634890	669947	
634983	668645	
634982	670402	
634962	669861	
634933	669211	
635022	668991	
635006	670024	
634886	669781	
634950	670365	
635001	670170	
635095	670668	
634922	668606	
634914	670276	
634910	669682	
634984	670669	
634940	668992	
635044	668920	
635003	669542	
634980	669243	
634935	670631	
634961	670271	
634930	670271	
635041	669407	
634942	670373	
635014	669518	
634989	670432	
635032	669708	
634953	669264	
635023	670739	
634946	669012	
635003	670358	
634955	669357	
634967	671539	
634943	669192	
634941	671278	
634913	669755	
634970	669712	
635029	669049	
634919	669600	
634938	669984	
635026	669671	
634924	669365	
634928	669293	
634945	669311	
634937	668643	
634934	669331	
634993	669584	
634885	669997	
635023	670897	
634945	669933	
634981	669535	
634926	669609	
634984	670414	
634861	668479	
634983	668615	
634964	670203	
635035	668964	
634916	669293	
634951	669720	
634931	669608	
634966	670380	
634894	670650	
634956	670513	
635013	670271	
634982	669553	
634931	670023	
634902	669883	
634992	669305	
635076	670215	
634941	669489	
634899	670258	
635015	670821	
634948	669410	
635039	670549	
634963	669430	
634966	669189	
634976	669834	
634996	668670	
635005	669955	
634980	670255	
634908	670244	
634930	669941	
635046	669962	
634973	669586	
634995	668781	
634920	670342	
635027	670360	
635060	670199	
634925	669283	
634955	668754	
635022	669380	
635039	669327	
634971	669927	
634960	669258	
635026	669075	
635018	670198	
634910	668779	
634945	668747	
634941	669556	
634985	669773	
634993	669417	
634968	669573	
634954	669386	
634992	669633	
635012	669324	
634959	669025	
634946	668886	
634986	669951	
634970	668219	
635007	668335	
634955	669516	
634876	669372	
634909	669916	
635160	669637	
635243	670539	
634947	669040	
634868	669392	
634912	669836	
634939	670211	
634972	670000	
634894	668816	
634944	669271	
634950	668553	
634936	669620	
634913	670917	
634889	669921	
634975	669832	
634920	669575	
634892	668769	
635027	669167	
635034	670045	
634930	668817	
634883	670252	
634997	668382	
634908	670108	
634955	668949	
634824	669082	
634877	669782	
634993	669118	
635004	668614	
634981	668526	
634820	668406	
634973	670113	
634905	670558	
634935	669257	
634927	668825	
634950	670498	
634958	669858	
634879	669744	
634925	669465	
634847	670786	
634939	669187	
634911	670139	
635023	669325	
634891	669674	
634938	669784	
634903	669231	
634939	670271	
634962	670530	
634912	668879	
634902	669206	
634963	669968	
634870	670222	
634881	669437	
634893	668835	
634891	668784	
634962	669788	
634889	668896	
634894	668871	
634944	668754	
634905	668643	
634954	669699	
634829	669574	
634956	668863	
634886	670593	
634912	669255	
634991	669704	
634934	669105	
634912	669004	
634844	669821	
634919	669552	
634891	669322	
634923	669012	
634946	669917	
634964	668683	
635002	669514	
634862	670046	
634952	669673	
634924	669369	
634835	668354	
634977	669271	
634873	669228	
634926	668499	
634900	670427	
634877	670133	
634901	668715	
634911	669728	
634916	668982	
634907	668943	
635001	668079	
634903	670453	
634859	670069	
634871	669031	
634974	668698	
634962	668813	
634843	669520	
634821	669368	
634955	670461	
634971	670207	
634980	669423	
634858	670304	
634938	669018	
634975	670681	
634993	668946	
634908	669339	
634902	670156	
634854	669174	
634939	670821	
634935	670157	
634901	670632	
634803	669925	
634956	668829	
634958	670096	
634980	670196	
634860	668872	
634877	671871	
634986	670345	
634971	669418	
634904	671000	
634916	669735	
634952	669531	
634923	670672	
634905	669114	
634857	669400	
634915	670411	
634932	670173	
634877	669750	
634970	668580	
634921	669959	
634888	669149	
634848	669064	
634908	670079	
634921	668715	
634896	669192	
634935	670174	
634909	668770	
634922	668824	
634930	669520	
634875	670163	
634931	669424	
634915	669575	
634902	669429	
634902	669937	
634945	669816	
634883	670960	
634903	669129	
634870	669437	
634996	668947	
634861	670067	
634872	670644	
634907	670167	
634960	669450	
634988	668584	
634962	669829	
634997	668915	
634883	669902	
634951	669988	
634922	670963	
634878	668942	
634966	669172	
634898	670656	
634862	670223	
634897	670247	
634936	668801	
634943	668679	
634909	668381	
634852	669893	
634908	671004	
634953	669090	
634864	670453	
634958	668945	
634894	669747	
635010	668743	
634927	669832	
634926	669633	
634900	670050	
634891	669935	
634935	670999	
634940	669371	
634882	669729	
634973	668436	
634932	670648	
634927	670366	
634903	669427	
634880	669796	
634978	670400	
635026	669528	
634930	669197	
634948	670622	
634875	669663	
634968	669268	
634941	669896	
634905	670185	
634959	669952	
634920	669193	
634956	669876	
634941	669664	
634915	669814	
634902	668624	
634929	671074	
634953	670214	
634954	669648	
635004	670130	
634924	669336	
634900	670242	
634917	668540	
634931	670774	
634988	669579	
634880	669713	
634978	669402	
634950	670041	
634978	669931	
634925	669344	
634926	669483	
634875	668815	
634997	669208	
634879	669225	
634935	668798	
634885	669593	
634876	669547	
634969	668824	
635006	671629	
634873	669995	
634967	670440	
634985	669931	
634945	669216	
634985	670846	
634915	669650	
634890	669391	
635014	668817	
634941	670316	
634915	670406	
634863	669329	
634949	669881	
634982	668961	
634978	669491	
634954	669853	
634828	670368	
635005	670135	
634985	670047	
634963	669747	
634976	670422	
634949	668460	
634933	669229	
634953	669838	
634916	671103	
634879	669838	
635026	669220	
634963	668270	
634953	669553	
634880	670903	
634887	669818	
634910	670922	
635029	670287	
634973	670547	
634995	669151	
634912	669723	
634916	668836	
635017	668511	
634927	669630	
634881	670518	
634967	669547	
635007	670366	
634925	669463	
634919	670256	
634973	669198	
634948	668297	
634976	669646	
634963	670813	
634980	670844	
634985	670416	
635004	669941	
635003	670209	
634970	670622	
635016	669986	
634984	669921	
634904	670345	
635015	669479	
634949	669868	
634967	668910	
634902	669128	
634959	669280	
635015	669695	
634928	670251	
634929	669024	
634970	669896	
635028	669925	
635035	669319	
634976	669916	
634953	669328	
634947	669571	
635003	669823	
634933	669138	
635032	669780	
634992	668583	
634991	670132	
634961	669195	
634985	669663	
634943	669482	
634982	670119	
634974	668859	
634868	669078	
634990	668301	
634937	670043	
634964	669712	
635070	670008	
634956	670167	
634930	668061	
635009	669093	
634880	670534	
635036	669033	
635001	669523	
634999	670005	
634890	669566	
635039	668563	
634976	668939	
634982	669604	
634949	670726	
635074	669712	
634920	669309	
635042	669004	
634938	668952	
634991	669098	
634911	668705	
635031	670553	
635025	670231	
634947	669770	
635049	668927	
635036	668292	
635071	669021	
634988	669228	
634935	670246	
635023	669418	
634987	669171	
634977	669291	
634970	669634	
634984	669174	
635001	668808	
635061	668323	
634970	669469	
634976	668682	
635051	671114	
635089	669553	
634992	669197	
635007	668816	
634997	668743	
635096	670334	
635002	670240	
635042	671327	
634998	668703	
634978	669460	
635020	669762	
634995	669326	
635009	670413	
634945	668612	
635038	669281	
635004	670046	
635009	670370	
634996	670575	
635032	669237	
634990	669895	
635039	668918	
634996	668500	
634964	669068	
635055	669255	
634981	671037	
634967	669331	
635013	669625	
635069	669649	
634990	669561	
635013	669323	
634990	669817	
634982	669071	
635000	669480	
635079	669517	
634956	668501	
634995	668960	
635031	668090	
634993	670315	
635069	670486	
634945	669747	
635032	669103	
634951	669177	
634933	669333	
635051	668877	
634975	670048	
635051	668430	
635080	669590	
635001	669330	
635041	669965	
634992	669417	
635003	670022	
635059	670384	
635067	669453	
635041	667867	
635092	669805	
634983	670124	
634974	669668	
635077	668923	
635098	669662	
635030	667745	
635005	668625	
635072	668699	
634967	670005	
635029	669318	
635023	669437	
635015	669324	
635055	669666	
635033	668779	
635032	669427	
635043	669787	
635027	669503	
635095	669947	
635064	669603	
635029	670048	
635117	668893	
634985	670965	
635072	670008	
635037	669149	
635020	670986	
635093	668988	
635016	669202	
635001	669378	
635021	668912	
635089	669611	
635014	669233	
635042	670366	
635066	668416	
635092	669198	
635007	668462	
635102	669939	
634983	669209	
635052	668954	
635103	668677	
635061	668429	
634953	669117	
634992	669771	
635027	669364	
635008	669817	
635001	668757	
635056	669631	
635123	667680	
635053	670132	
635013	669062	
635016	669177	
635049	669662	
635169	668953	
635042	669341	
635030	670105	
635008	669612	
635046	668581	
635105	670075	
634946	670301	
635069	669233	
635030	668160	
635140	669444	
635039	671073	
635003	669788	
635045	669500	
635044	669642	
635137	669637	
635011	668799	
634999	669330	
635102	668870	
635083	669493	
635061	669782	
635040	668735	
635020	669093	
635124	669354	
635148	669232	
634982	668412	
634995	669009	
635031	669414	
635055	669600	
635056	669064	
635010	669229	
635112	669235	
635034	669199	
635150	669200	
635035	669179	
634999	669203	
635064	668027	
635150	669512	
635079	668840	
635020	669254	
635121	668718	
635063	668438	
635101	669253	
635084	668674	
635048	668286	
635014	670075	
635125	669488	
635026	669137	
635115	669126	
635101	669334	
635072	669696	
635131	668257	
635049	669278	
635105	668775	
635015	669975	
635117	669045	
635102	668919	
635088	669967	
635086	669255	
635030	669165	
635042	669636	
635078	669392	
635131	668171	
635119	669644	
635075	668726	
634970	668153	
635106	669543	
635099	669585	
635094	669458	
635045	668266	
635095	669389	
635094	670258	
635119	669177	
635073	670060	
635092	670054	
635101	669794	
635166	668338	
635057	670549	
635031	669711	
634977	669645	
635039	667920	
635109	669270	
635132	668992	
635014	669322	
635028	668079	
635130	668429	
635078	668615	
635081	669929	
635041	667914	
635040	670412	
635128	670091	
635098	669747	
634971	668716	
635087	668622	
635113	668449	
635090	669244	
635123	670213	
635015	668961	
635097	669023	
635116	667969	
635139	667839	
635103	668677	
635056	669946	
635030	669019	
635174	670022	
635076	669288	
635164	670063	
635049	669309	
635062	668841	
635164	668997	
635162	670402	
635069	669923	
635076	669043	
635097	669598	
635158	669129	
635084	669015	
635131	669571	
635014	668688	
635063	669759	
635190	669556	
635111	670150	
635056	669567	
635154	668735	
635131	670096	
635103	669213	
635113	668208	
635112	668915	
635244	668800	
635109	667777	
635068	669416	
635070	669566	
635071	669337	
635128	669802	
635133	669336	
635083	669633	
635108	668622	
635169	669008	
635118	670037	
635178	668441	
635066	670115	
635149	671206	
635146	668930	
635194	669012	
635081	669858	
635100	668408	
635085	669680	
635146	670266	
635144	668007	
635122	668313	
635101	668474	
635099	668741	
635261	669264	
635091	668981	
635112	668325	
635076	670018	
635209	670048	
635162	668388	
635099	670909	
635113	668503	
635045	668625	
635211	669519	
635091	668856	
635075	669424	
635139	669745	
635233	669118	
635206	668181	
635133	668627	
635139	670927	
635163	668750	
635183	668122	
635246	669456	
635147	668997	
635063	669607	
635103	669404	
635193	670389	
635158	668555	
635171	669272	
635135	670678	
635181	669157	
635161	670631	
635131	668198	
635224	667532	
635137	669532	
635124	669945	
635139	670276	
635205	668828	
635213	668852	
635175	668203	
635132	669755	
635154	668813	
635135	669058	
635189	668867	
635092	669596	
635184	668899	
635156	668993	
635137	669409	
635153	670067	
635118	669230	
635170	670310	
635224	669435	
635081	669283	
635210	668216	
635112	668758	
635199	669448	
635137	668995	
635165	668941	
635198	669303	
635178	670360	
635163	671103	
635131	668999	
635215	670416	
635177	669671	
635202	669629	
635107	669183	
635107	669241	
635182	670017	
635191	669011	
635219	668948	
635128	668217	
635169	669543	
635224	669512	
635278	669500	
635178	669566	
635125	669284	
635253	668602	
635166	668103	
635101	668812	
635162	670882	
635096	669089	
635212	668884	
635253	669305	
635221	669052	
635133	669592	
635205	669002	
635199	669663	
635162	668711	
635240	669533	
635183	669458	
635154	669735	
635219	669838	
635211	669348	
635232	668690	
635095	671010	
635150	669031	
635182	669374	
635206	669599	
635116	669303	
635124	670317	
635211	669123	
635264	668353	
635269	667768	
635166	669083	
635117	668349	
635151	670705	
635222	669871	
635201	669412	
635163	669357	
635173	669725	
635278	669991	
635203	669513	
635149	669560	
635196	669500	
635261	669123	
635165	668414	
635262	669587	
635071	668815	
635123	669079	
635163	669390	
635256	668392	
635192	669014	
635182	670474	
635156	668576	
635208	668672	
635298	668631	
635165	668596	
635174	668532	
635155	669693	
635209	669415	
635232	670216	
635249	669587	
635163	669326	
635171	669251	
635205	669121	
635234	670009	
635177	669005	
635135	669036	
635265	668701	
635214	669192	
635250	668325	
635163	669625	
635205	668531	
635223	668350	
635246	669167	
635200	669044	
635157	669021	
635105	669742	
635250	668366	
635170	668788	
635266	668957	
635195	669318	
635186	667788	
635283	668933	
635188	668674	
635186	670586	
635142	670024	
635188	669191	
635258	669109	
635281	668914	
635218	668656	
635152	670659	
635200	669339	
635284	669296	
635188	669821	
635192	669796	
635174	668931	
635258	668465	
635188	669756	
635225	668323	
635244	668877	
635170	669112	
635243	669068	
635230	668990	
635195	669037	
635214	668709	
635191	670312	
635261	668782	
635214	668968	
635172	668724	
635112	669396	
635248	669923	
635247	669734	
635216	670597	
635230	670178	
635163	668605	
635281	669724	
635175	668313	
635218	670454	
635159	669359	
635150	668386	
635237	668856	
635190	669949	
635224	668693	
635205	669055	
635199	668869	
635172	669369	
635202	669945	
635268	669478	
635126	669569	
635263	669207	
635177	668997	
635174	669227	
635163	669160	
635273	670327	
635275	668718	
635199	668899	
635233	668772	
635158	669607	
635208	668597	
635181	668630	
635193	668803	
635272	668475	
635129	668344	
635260	670691	
635177	669014	
635152	669986	
635217	670057	
635256	668445	
635231	668300	
635182	670111	
635132	669913	
635212	668464	
635243	669061	
635269	669092	
635190	668930	
635134	668673	
635248	669254	
635267	668621	
635208	669662	
635205	669891	
635174	669159	
635250	669892	
635225	668952	
635158	668644	
635192	669485	
635248	669907	
635259	669199	
635207	667538	
635237	669017	
635079	668691	
635212	670397	
635251	669675	
635196	668453	
635191	669034	
635206	670419	
635212	669024	
635202	669491	
635191	668917	
635126	670316	
635191	669131	
635236	670003	
635230	669084	
635224	669380	
635123	669531	
635208	670560	
635222	668938	
635220	668933	
635223	669692	
635155	669123	
635198	668048	
635204	668774	
635185	668600	
635218	668496	
635209	669660	
635166	669229	
635244	669216	
635211	669790	
635147	668694	
635161	669349	
635231	669029	
635183	669479	
635172	670152	
635235	668853	
635174	669585	
635199	668347	
635148	668208	
635233	669552	
635214	669392	
635207	669971	
635206	669690	
635214	669337	
635190	668539	
635212	668622	
635239	668993	
635175	668354	
635191	669781	
635168	669706	
635225	669019	
635238	668305	
635189	669173	
635142	668737	
635195	669252	
635159	669756	
635212	668781	
635203	668926	
635254	669287	
635183	669615	
635276	668984	
635142	669925	
635219	669135	
635170	669493	
635224	668654	
635201	669155	
635166	668834	
635182	669622	
635232	669385	
635222	669833	
635162	668706	
635243	668886	
635162	670407	
635135	669297	
635130	670193	
635247	668425	
635236	670693	
635222	668464	
635161	669395	
635278	670017	
635194	668701	
635195	669272	
635252	668964	
635129	668758	
635236	669544	
635175	669244	
635166	670664	
635207	667784	
635201	667527	
635273	668528	
635175	669422	
635199	670234	
635173	668057	
635194	668620	
635282	669306	
635196	669138	
635155	670527	
635141	669858	
635211	669015	
635278	669818	
635216	666904	
635146	669332	
635174	670034	
635212	669397	
635249	669490	
635137	668637	
635212	668275	
635243	670048	
635155	669354	
635204	669949	
635191	670505	
635248	669247	
635245	668053	
635241	670093	
635137	668093	
635216	669483	
635246	668815	
635156	667571	
635231	669580	
635205	668449	
635200	668723	
635253	669077	
635143	669619	
635145	668318	
635180	668650	
635205	668647	
635248	668249	
635132	669740	
635245	669314	
635210	669756	
635236	668951	
635226	668187	
635119	669408	
635144	668604	
635210	669752	
635176	670522	
635256	667212	
635134	668943	
635164	669344	
635188	668900	
635167	668747	
635248	670545	
635116	668703	
635152	668580	
635245	668887	
635212	668879	
635145	668315	
635222	669714	
635191	668827	
635236	668004	
635217	669548	
635187	668511	
635129	669679	
635138	670050	
635207	667625	
635268	669221	
635196	669216	
635125	668581	
635132	669252	
635187	669462	
635181	669558	
635190	670829	
635194	668558	
635139	669767	
635215	668753	
635163	669167	
635184	668377	
635082	669221	
635211	668588	
635233	668073	
635135	668305	
635089	669717	
635143	669224	
635246	669445	
635216	670552	
635155	668401	
635189	669750	
635177	669211	
635174	669623	
635258	668368	
635138	670148	
635201	668747	
635084	670435	
635259	669308	
635160	668217	
635156	669100	
635114	670976	
635190	669471	
635229	669855	
635184	669221	
635136	669156	
635177	668497	
635149	668636	
635201	668778	
635135	669132	
635117	669780	
635190	669030	
635213	668893	
635247	668905	
635090	670688	
635235	668853	
635108	669414	
635236	669638	
635125	669126	
635174	668608	
635164	669219	
635107	669120	
635191	670020	
635214	669893	
635094	668616	
635179	670186	
635184	669483	
635232	668212	
635186	667895	
635149	669570	
635181	668469	
635241	669595	
635120	668299	
635125	668666	
635157	669768	
635126	669303	
635170	669958	
635164	670813	
635159	668934	
635160	669622	
635180	670165	
635060	669586	
635081	668708	
635170	668236	
635153	669018	
635196	668112	
635209	670009	
635122	668250	
635122	668448	
635191	669473	
635223	668472	
635097	668777	
635119	669587	
635148	669134	
635151	669498	
635222	668646	
635063	667665	
635172	669021	
635209	667391	
635164	668647	
635135	668768	
635068	668621	
635168	668617	
635217	669094	
635106	668378	
635117	668854	
635143	669314	
635227	667512	
635088	668570	
635099	667920	
635106	670417	
635119	668726	
635187	670088	
635194	669821	
635185	669293	
635044	669806	
635256	669582	
635106	668800	
635184	667624	
635117	669168	
635080	668963	
635196	669171	
635126	669956	
635177	670280	
635121	668961	
635152	670131	
635117	669363	
635134	669067	
635189	668366	
635155	667670	
635130	670071	
635103	669538	
635075	669473	
635124	669286	
635199	670141	
635109	669498	
635228	669646	
635167	669598	
635165	669790	
635203	669318	
635159	669759	
635143	668269	
635164	669676	
635092	669611	
635110	669500	
635141	668555	
635099	669053	
635132	668443	
635100	669657	
635144	668423	
635185	669027	
635097	669768	
635127	668871	
635096	669068	
635205	670243	
635166	668253	
635066	669079	
635138	669173	
635159	669070	
635149	669071	
635130	669117	
635138	669880	
635082	670303	
635101	668763	
635172	669210	
635145	669807	
635088	669928	
635131	669036	
635180	670403	
635184	668641	
635124	668408	
635032	669003	
635095	669036	
635171	668699	
635087	670080	
635203	667976	
635069	669772	
635206	668072	
635045	669298	
635154	669600	
635075	668572	
635109	669666	
635115	668785	
635054	668797	
635177	669023	
635020	669903	
635125	670218	
635159	669191	
635208	668284	
635158	669456	
635082	668959	
635101	669024	
635166	669068	
635071	668199	
635136	668356	
635072	668373	
635158	669037	
635163	669416	
635126	669552	
635126	670006	
635059	667502	
635106	670153	
635109	668774	
635125	669937	
635131	668779	
635052	669455	
635109	668444	
635174	669517	
635082	669915	
635101	669024	
635103	669119	
635199	669604	
635216	668642	
634981	670187	
635116	668133	
635057	668798	
635192	669069	
635054	668373	
634998	670379	
635082	669367	
635076	668900	
635190	668603	
635134	668982	
635089	669130	
635073	668703	
635084	669502	
635198	669221	
635037	669366	
635132	669755	
635065	668974	
635197	670156	
635110	669249	
635093	668146	
635103	669543	
635027	667830	
635064	669448	
635129	669677	
635031	669838	
635073	668429	
635118	670416	
635124	669874	
635122	669345	
635016	668911	
635127	669927	
635098	668805	
635118	668363	
635048	669231	
635107	668672	
635037	669552	
635117	669291	
635115	669956	
635061	669471	
635048	669107	
635090	669564	
635054	669125	
635107	670123	
635092	668339	
635068	669582	
635175	668763	
635021	669908	
635087	669220	
635050	668832	
635048	669371	
635180	668960	
635086	669137	
635102	669702	
634979	668891	
635047	669341	
635075	669747	
635125	669728	
635089	669946	
635074	669025	
635032	669975	
635133	669042	
635058	670027	
635083	670234	
634999	669800	
635165	669554	
635099	669349	
635115	668874	
635077	668580	
635098	668749	
635065	668670	
635099	669073	
635048	668698	
635041	669790	
635065	668790	
635063	669294	
635093	668456	
635080	668939	
635054	668517	
635012	669027	
635080	669591	
635078	668777	
635093	669266	
635070	669778	
635043	668681	
635105	669483	
634988	668630	
635043	669149	
635052	667881	
635117	669472	
635016	670045	
635051	668072	
634984	670225	
635111	667997	
635057	669412	
635103	669066	
635088	670097	
634990	669785	
635156	668881	
635114	669160	
635070	667966	
635024	669120	
635061	669004	
635084	669109	
635105	668589	
635077	669716	
635036	668554	
635025	669016	
635067	669287	
635127	668523	
635014	669302	
635088	669653	
635051	668588	
635022	668784	
634974	668857	
635103	669411	
635100	668846	
635047	669518	
635122	668787	
634967	668680	
635101	668778	
635111	668642	
635014	668421	
635035	668847	
635010	669640	
635057	668432	
635051	669628	
635056	669017	
635018	668805	
635078	668815	
635140	668294	
635010	669784	
634993	669933	
635050	669443	
635071	669024	
635093	669619	
635074	669822	
635008	670116	
635092	668946	
635083	669854	
635019	668936	
635029	668618	
634979	670455	
635069	670538	
635035	669451	
635035	667925	
635066	670089	
635065	669241	
635024	668977	
635088	669156	
635041	669000	
635051	669170	
635064	668759	
635079	669227	
635118	669886	
634990	671216	
635033	670445	
635099	668667	
635061	669127	
635031	669656	
634976	669196	
634983	668198	
635081	669167	
634979	668955	
635052	668129	
635013	668226	
635090	670514	
635009	669232	
634986	669568	
635048	669037	
635056	668417	
635026	669224	
635007	668535	
635115	669605	
635084	669318	
634999	668591	
635043	669877	
635014	670081	
635022	669664	
634974	669507	
635029	667945	
635095	669662	
635025	670696	
634989	669089	
635049	669106	
635015	668576	
635093	669628	
635004	669131	
635053	668535	
635019	669607	
635002	669306	
635006	668800	
635048	670111	
635066	668958	
634994	669412	
635002	669817	
635075	669727	
635035	669873	
635062	670246	
635043	668975	
635008	668426	
635053	668503	
634947	670547	
635062	668773	
635058	670569	
635017	668212	
635027	669221	
635071	669448	
635059	669306	
634953	669243	
635001	668772	
634951	669319	
635070	669075	
634987	669022	
635015	668461	
634964	668355	
635059	669495	
635046	668340	
635026	669087	
635024	668402	
635022	668867	
634994	667660	
635036	670340	
635000	668576	
634991	668853	
635083	669609	
635019	668147	
635029	668767	
634999	669689	
635029	668814	
635034	669897	
634999	669353	
634989	668116	

 Comment
@