Version  	 2.0
 Type  	analog
 Azimut 	180
 Exceed 	20
 Alpha  	40
 Quantity of cycles 	1000
 Quantity of strobes 	2001
 Strobe 	10
 Delay  	0
 Time begin 	17:48:56
 Time end   	17:49:47
 Data
636189	657287	
636169	657589	
635504	656920	
636390	659567	
636272	733561	
635665	675870	
631756	1678395	
656595	2503760	
638685	1071052	
638223	767750	
639108	700588	
639798	666405	
637756	672027	
636518	680789	
637699	668721	
635997	664471	
636257	671279	
636309	666662	
636291	663588	
636128	663549	
635984	664144	
636683	661476	
636253	663267	
636512	663602	
636302	664046	
636333	663263	
636306	663077	
636091	664099	
636153	664747	
635937	668507	
636133	675770	
636215	689768	
636399	712404	
636640	742565	
636853	778651	
637201	809253	
637466	827525	
637568	834335	
637510	837077	
637516	839722	
637645	842490	
637686	841729	
637679	835858	
637677	827786	
637767	823281	
637822	818740	
637862	809898	
637920	800523	
637829	791285	
637842	785095	
637748	780033	
637706	772229	
637667	758096	
637532	751304	
637507	748394	
637459	745198	
637382	742217	
637323	738878	
637219	737452	
637334	733764	
637337	731293	
637221	729228	
637186	726234	
637186	725204	
637148	722176	
637086	720429	
637109	717225	
637005	713055	
636970	711218	
636860	706669	
636942	704522	
636985	702784	
637006	701410	
636911	699786	
637029	697653	
636941	698644	
636922	696789	
636885	695511	
636866	695163	
636912	692821	
636851	692858	
636793	691862	
636834	688033	
636833	687215	
636804	684932	
636776	684688	
636791	686698	
636832	687613	
636709	686434	
636768	684693	
636858	683532	
636678	680919	
636678	680516	
636648	679876	
636689	678804	
636693	677836	
636615	677341	
636599	676866	
636733	677586	
636632	675887	
636655	674439	
636615	675332	
636694	674338	
636585	674304	
636447	673379	
636569	672431	
636591	671686	
636647	670261	
636536	670407	
636496	669902	
636545	669017	
636465	668297	
636471	668858	
636518	668262	
636412	667933	
636458	666983	
636459	667542	
636547	667149	
636404	667601	
636417	667203	
636429	665827	
636575	665970	
636413	664853	
636445	665727	
636412	665869	
636484	665274	
636414	666452	
636403	664485	
636387	664069	
636502	665251	
636346	666861	
636302	666429	
636433	664894	
636466	664460	
636372	664295	
636281	664800	
636348	664778	
636390	663124	
636427	664636	
636411	662451	
636380	663489	
636343	664628	
636385	663320	
636361	663067	
636364	663098	
636352	663525	
636364	661734	
636374	662198	
636357	662700	
636275	661028	
636329	660778	
636343	662139	
636334	661978	
636320	661874	
636319	661978	
636315	660917	
636395	662174	
636344	659738	
636233	661980	
636322	661696	
636389	661729	
636231	660323	
636317	659883	
636336	660811	
636331	659496	
636218	660848	
636305	660323	
636289	661122	
636339	659893	
636191	660125	
636262	660017	
636312	659528	
636300	659410	
636266	660594	
636277	660612	
636209	659687	
636289	660386	
636261	660142	
636266	660438	
636320	660017	
636255	659018	
636241	661630	
636262	658626	
636312	658527	
636308	660763	
636257	659215	
636297	659346	
636237	659346	
636242	660027	
636238	659935	
636272	659161	
636302	658580	
636176	658487	
636240	658728	
636276	658587	
636298	659337	
636152	658549	
636244	659331	
636214	658375	
636228	658564	
636254	659549	
636205	660049	
636246	659121	
636218	657994	
636379	657358	
636197	658528	
636241	657141	
636253	659444	
636284	658221	
636128	659290	
636246	658737	
636247	658383	
636253	658551	
636199	658957	
636201	657739	
636228	658117	
636218	659051	
636247	658802	
636222	658265	
636197	659585	
636237	659930	
636245	659272	
636294	658669	
636218	658432	
636230	658586	
636258	658018	
636293	658580	
636238	657789	
636183	657660	
636223	658133	
636257	657050	
636276	658661	
636186	658856	
636183	656710	
636206	657835	
636259	658613	
636201	657554	
636247	659060	
636218	658345	
636260	658234	
636237	658282	
636235	659805	
636166	658077	
636191	657128	
636175	659298	
636267	658624	
636205	658406	
636197	659057	
636200	658399	
636166	659338	
636219	657941	
636240	657992	
636196	658502	
636237	657658	
636210	658183	
636188	659234	
636273	657908	
636234	658162	
636122	658985	
636218	657718	
636113	657959	
636270	658895	
636190	657507	
636189	658299	
636190	658129	
636223	657020	
636175	658724	
636258	657301	
636225	659184	
636178	658119	
636156	658748	
636134	657938	
636300	658840	
636236	658413	
636148	657268	
636211	656537	
636155	658144	
636171	658158	
636154	657418	
636170	658645	
636264	657441	
636127	657165	
636211	657651	
636163	659127	
636297	658339	
636143	658211	
636153	657309	
636169	658154	
636219	658507	
636173	659040	
636186	657508	
636186	657799	
636257	658376	
636131	658078	
636190	658101	
636209	657601	
636230	657889	
636205	658548	
636117	657705	
636198	657811	
636134	658143	
636205	657115	
636138	657331	
636167	657987	
636204	658050	
636174	658024	
636185	657507	
636147	657824	
636227	656796	
636173	658314	
636232	657391	
636183	659478	
636113	658023	
636133	656803	
636212	658090	
636148	658156	
636164	658058	
636103	657338	
636176	658047	
636237	657276	
636162	657612	
636137	657765	
636195	658756	
636193	657788	
636162	656337	
636100	657183	
636167	657767	
636194	658011	
636210	657292	
636200	657368	
636239	657384	
636143	656543	
636111	656925	
636204	657103	
636128	657577	
636120	656715	
636172	657004	
636107	658550	
636155	657991	
636150	657676	
636202	658842	
636146	657243	
636181	658104	
636310	656938	
636066	657031	
636168	656463	
636152	657714	
636165	657330	
636130	657538	
636153	658044	
636117	657862	
636197	656724	
636190	659078	
636232	658074	
636100	656215	
636095	658031	
636171	657653	
636222	657738	
636187	658067	
636110	657801	
636119	655523	
636254	657407	
636129	657024	
636109	656239	
636088	656700	
636194	655876	
636113	657274	
636082	656486	
636108	658086	
636129	657003	
636153	657453	
636081	657139	
636115	657529	
636166	656906	
636096	657789	
636127	656551	
636115	656472	
636125	657781	
636143	657972	
636111	658126	
636109	657423	
636175	657383	
636187	657163	
636163	656925	
636145	657681	
636104	657231	
636066	657245	
636142	656753	
636166	656593	
636123	657137	
635999	657671	
636140	657057	
636155	658032	
636190	657181	
636033	657353	
636134	657747	
636184	657730	
636179	656899	
636072	655817	
636121	658301	
636122	656428	
636170	657206	
636048	657483	
636079	657613	
636122	656709	
636131	656114	
636082	657480	
636097	657125	
636109	657659	
636152	656441	
636088	657243	
636146	657702	
636087	656674	
636150	657801	
636098	656390	
636195	657485	
636142	657558	
636116	657129	
636104	657084	
636170	658890	
636030	656811	
636090	657618	
636139	657052	
636151	657523	
636093	656960	
636162	656866	
636101	656894	
636115	656005	
636067	655503	
636050	658729	
636114	657373	
636152	657489	
636171	657704	
636117	657632	
636119	656372	
636122	658086	
636154	657351	
636073	656727	
636129	657425	
636149	656810	
636176	657205	
636116	656589	
636086	656754	
636124	657806	
636119	656859	
636145	656943	
636076	657014	
636145	655552	
636092	657324	
636081	658172	
636077	657529	
636151	657131	
636165	656709	
636092	657934	
636164	656387	
636051	658122	
636145	657756	
636054	656266	
636165	658085	
636079	657221	
636163	656496	
636072	656220	
636154	656895	
636089	657825	
636086	657622	
636125	657218	
636235	657138	
636092	657097	
636092	657791	
635990	657091	
636095	657481	
636197	657615	
636028	658234	
636079	657130	
636080	657624	
636115	658262	
636109	656440	
636132	656989	
636146	655098	
636091	657289	
636023	656515	
636125	657983	
636128	657188	
636129	656768	
636124	656757	
636138	657832	
636130	655892	
636089	655786	
636142	657750	
636043	655961	
636139	658271	
636129	657183	
636094	656222	
636160	656232	
636142	656842	
636133	657767	
636136	657840	
636123	656790	
636151	656196	
636086	656597	
636125	656329	
636106	656364	
636035	658009	
636098	654912	
636061	656811	
636172	656905	
636043	657153	
636084	657966	
636132	656122	
636151	657231	
636185	657543	
636093	655562	
636097	657727	
636154	656733	
636079	657524	
636124	658025	
636119	656785	
636194	656804	
636105	657831	
636107	656645	
636054	655572	
636126	657426	
636067	656244	
636119	657274	
636062	657632	
636175	657084	
636089	657281	
636142	656460	
636104	655805	
636161	657319	
636122	655809	
636089	656890	
636153	656085	
636139	656538	
636119	656700	
636096	657790	
636081	656567	
636088	656158	
636178	657379	
636107	656794	
636104	655487	
636162	658187	
636173	656849	
636052	657174	
636081	657804	
636163	656155	
636102	657327	
636137	658494	
636137	657874	
636122	655951	
636060	657150	
636090	657271	
636142	657235	
636183	656577	
636044	656955	
636207	656009	
636168	657394	
636156	656742	
636052	655639	
636092	656671	
636143	656312	
636172	656873	
636108	657883	
636124	657112	
636098	656356	
636139	658522	
636089	655735	
636106	656188	
636209	657168	
636131	657521	
636158	657600	
636055	655926	
636116	657303	
636115	655972	
636074	656545	
636106	656778	
636107	657863	
636144	656587	
636052	657412	
636063	657302	
636097	657833	
636116	657945	
636142	656958	
636121	656351	
636380	657030	
636293	656874	
636041	657111	
636141	656441	
636018	656371	
636079	656535	
636124	657485	
636065	657251	
636249	655916	
636027	657407	
636084	656545	
636083	656545	
636064	655427	
636075	656430	
636097	656721	
636085	656576	
636092	656898	
636115	656750	
636087	656200	
636092	656039	
636135	656436	
636101	657256	
636133	656985	
636079	655624	
636076	657141	
636067	656345	
636064	656417	
636054	655986	
636085	656674	
636044	656533	
636083	656955	
636075	656438	
636139	657319	
636167	656656	
636056	656527	
636046	654967	
636055	656489	
636046	658169	
636121	656085	
636042	656984	
636083	656578	
636173	656128	
636036	656192	
636110	656250	
635943	657111	
636151	656397	
636115	655011	
636111	657406	
636054	657213	
636036	655726	
636107	656982	
636099	656833	
636081	658079	
636067	657288	
636103	657051	
636085	657526	
636100	657016	
636057	656094	
636051	656640	
636047	656260	
636103	657794	
635993	657641	
636063	656464	
636068	656586	
636084	656356	
636045	656150	
636043	655603	
636062	656678	
636130	656591	
636034	656976	
636077	655433	
636023	656315	
636111	657337	
636117	657667	
636034	656697	
636044	656434	
636019	655013	
636109	657162	
635998	655854	
636079	655874	
636095	656829	
636061	657714	
636054	655768	
636107	656709	
636102	655769	
636038	657113	
636000	655747	
636058	657551	
635992	656949	
636103	657561	
636114	657145	
635951	656871	
636162	658130	
636023	656165	
636060	656874	
636093	656032	
635982	655403	
636062	655559	
636082	656648	
636110	656257	
636013	657169	
636062	656943	
636076	656306	
636147	656725	
635994	655392	
636051	657614	
636107	657632	
636071	657392	
636058	655657	
635991	657469	
635952	657339	
636093	656268	
636022	656795	
636074	655998	
636054	656594	
636094	657310	
636109	657589	
636023	657331	
636086	656343	
636085	657371	
636075	657526	
636000	655785	
636091	656869	
636121	656352	
636103	656453	
636065	656251	
636036	657384	
636056	656332	
636107	657448	
635965	657077	
636179	656873	
636081	656853	
636064	656636	
636064	657199	
636066	656634	
636048	656462	
636079	657145	
636110	656188	
636076	657087	
636131	656175	
636030	656289	
635985	657298	
636071	656940	
636116	658407	
636074	656832	
636057	656851	
636100	657675	
636128	655987	
636080	656423	
636062	656621	
636137	657366	
636044	657400	
636054	656962	
636074	657102	
636079	656279	
636093	657105	
636071	656504	
636093	656448	
636073	656802	
636093	657615	
636063	655882	
636134	657664	
636054	656941	
636028	655705	
636007	657235	
636116	656473	
636018	657142	
636094	655836	
636122	657074	
636050	657631	
636109	656634	
636122	655947	
636124	656014	
636100	656514	
636091	657711	
636046	655617	
636168	657853	
636125	657128	
636095	657101	
636028	657391	
636096	657752	
636065	657074	
636192	657825	
636129	656211	
636053	657324	
636161	656114	
636054	656580	
636010	656121	
636155	656297	
636051	656716	
636105	657917	
636057	657397	
636114	657190	
636074	656855	
636034	657285	
636093	655550	
636060	656326	
636144	656240	
636004	656340	
636087	657775	
636083	655347	
636087	656031	
636170	657240	
635981	657458	
636141	655812	
636093	657588	
636118	656066	
636083	656540	
636113	657078	
636121	658187	
636124	656895	
636049	656732	
636180	657001	
636113	656659	
636081	658355	
636087	657672	
636082	655628	
636114	657241	
636123	655834	
636046	655961	
636101	656277	
636070	657923	
636103	657051	
636192	657081	
636106	657369	
636063	656306	
636055	656632	
636090	656514	
636088	655280	
636111	657075	
636006	657375	
636069	656908	
636123	656365	
636059	656940	
636082	656001	
636055	656694	
636150	656609	
636072	658273	
636052	658011	
636094	657020	
636179	656645	
636134	656434	
636134	658716	
636154	656904	
636167	657153	
636104	657357	
636098	656481	
636035	656128	
636078	657173	
636057	657810	
636091	657380	
636165	656729	
636171	657320	
636159	656328	
635996	657535	
636144	656065	
636144	657365	
636049	657385	
636147	658121	
636134	657555	
636210	656681	
636106	656247	
636128	657169	
636136	655470	
636136	658192	
636149	657043	
636071	657339	
636113	656750	
636067	656452	
636131	656860	
636124	656535	
636132	657222	
636091	657658	
636145	658573	
636161	657702	
636149	656494	
636111	656703	
636143	655954	
636146	655651	
636090	657067	
636123	657663	
636095	657079	
636186	656297	
636176	657132	
636076	656188	
636073	656113	
636173	657682	
636182	656990	
636039	656731	
636175	655541	
636164	656227	
636257	656568	
636117	657052	
636033	657341	
636075	656148	
636172	657648	
636163	655369	
636107	657185	
636135	656544	
636129	656948	
636118	656666	
636138	656583	
636138	657003	
636157	656413	
636095	656912	
636164	657986	
636128	655888	
636169	656691	
636128	656633	
636137	657378	
636167	656573	
636147	657183	
636165	657062	
636165	656198	
636137	657667	
636075	656786	
636137	656682	
636167	657689	
636223	657377	
636107	656108	
636046	655494	
636201	657392	
636174	657158	
636150	656230	
636109	655811	
636157	656182	
636154	656761	
636123	656649	
636115	656909	
636245	657162	
636151	656089	
636159	656558	
636027	655370	
636210	656861	
636096	655842	
636200	656080	
636182	655016	
636197	656116	
636176	657026	
636077	656716	
636173	655825	
636215	656452	
636216	657136	
636140	657717	
636150	657504	
636219	656902	
636195	656654	
636169	657660	
636098	658255	
636123	656923	
636160	656801	
636136	656992	
636138	656257	
636139	657522	
636149	656636	
636104	656176	
636204	655851	
636210	657170	
636104	656579	
636119	657160	
636232	655862	
636221	656677	
636171	656250	
636104	657298	
636145	657057	
636255	656087	
636113	657476	
636142	655641	
636180	658754	
636214	655863	
636092	655911	
636179	655798	
636116	657167	
636131	656877	
636113	655901	
636115	656472	
636214	657126	
636135	656482	
636141	655915	
636170	657164	
636133	657930	
636128	657135	
636160	655412	
636222	656963	
636113	656210	
636126	656804	
636196	655930	
636107	656158	
636176	656213	
636147	656650	
636151	657590	
636160	656580	
636238	655328	
636166	654960	
636124	657238	
636206	656579	
636129	656684	
636164	656505	
636173	657678	
636227	656335	
636210	657381	
636220	656663	
636152	656311	
636141	656688	
636204	656568	
636121	655682	
636145	656640	
636185	656197	
636135	656371	
636188	657419	
636173	656632	
636168	655769	
636189	657212	
636152	656412	
636118	656213	
636236	655508	
636225	656258	
636093	655962	
636098	656692	
636249	656120	
636191	655960	
636176	656905	
636195	657500	
636206	656197	
636130	656601	
636078	657063	
636184	655991	
636226	657018	
636167	657096	
636178	655461	
636204	656520	
636197	656112	
636191	656728	
636155	656315	
636169	655058	
636224	655576	
636148	657556	
636214	656033	
636213	656237	
636129	657254	
636124	656262	
636158	656925	
636287	656477	
636192	656602	
636193	656724	
636145	656375	
636263	656092	
636150	656775	
636225	657219	
636099	657542	
636265	656805	
636258	656600	
636171	656323	
636142	657503	
636223	655528	
636192	657035	
636166	656508	
636192	656785	
636208	657289	
636145	656456	
636162	656280	
636177	655715	
636205	657210	
636167	656733	
636176	654672	
636239	656517	
636186	657600	
636159	655451	
636224	656683	
636190	656945	
636229	656220	
636076	656933	
636170	655921	
636222	654705	
636200	655743	
636145	656964	
636164	656065	
636226	656858	
636214	657364	
636224	656712	
636164	655907	
636203	656584	
636277	656103	
636141	656797	
636204	656599	
636195	656894	
636295	655204	
636184	656790	
636215	657096	
636178	656984	
636274	656018	
636155	655763	
636210	656442	
636274	656676	
636255	657191	
636187	656948	
636199	656181	
636222	657006	
636272	657285	
636191	656407	
636210	656185	
636278	656933	
636189	657255	
636186	656962	
636209	656526	
636223	655310	
636228	657516	
636239	654904	
636158	656081	
636220	658158	
636173	656509	
636269	655445	
636259	656135	
636259	656953	
636175	656572	
636229	656439	
636245	656055	
636257	655795	
636241	655669	
636170	657775	
636244	656289	
636217	657176	
636193	656739	
636278	656447	
636244	657494	
636286	656572	
636181	658016	
636215	656924	
636251	656216	
636295	655962	
636313	656247	
636220	655993	
636202	655910	
636338	657101	
636226	656057	
636260	656740	
636213	655633	
636231	656456	
636187	656852	
636271	657084	
636210	657329	
636211	656693	
636229	656057	
636301	656597	
636227	657105	
636197	657286	
636207	656099	
636278	656215	
636330	656575	
636298	657402	
636275	655844	
636206	656870	
636216	655820	
636202	656370	
636255	655945	
636213	656280	
636303	658203	
636215	656957	
636240	656578	
636304	656514	
636238	656622	
636253	656114	
636200	655446	
636282	654980	
636315	656276	
636234	655756	
636198	656819	
636246	655919	
636257	657156	
636257	656543	
636247	656455	
636326	656740	
636242	655039	
636311	654694	
636191	657417	
636201	655917	
636152	655886	
636260	657899	
636266	656392	
636212	656433	
636300	656385	
636232	656511	
636300	657017	
636289	657113	
636209	657373	
636269	655442	
636372	655041	
636297	657209	
636250	654570	
636193	657754	
636230	656911	
636307	656878	
636229	656689	
636270	656819	
636284	656945	
636311	656450	
636268	656596	
636263	656255	
636320	656128	
636237	657287	
636302	657138	
636280	656115	
636279	657738	
636293	656983	
636302	657026	
636268	655865	
636274	655756	
636316	655456	
636299	656194	
636267	656471	
636317	656452	
636246	657572	
636277	655882	
636319	656549	
636329	656686	
636238	657159	
636308	655885	
636270	656023	
636319	656635	
636238	656705	
636287	655907	
636384	656448	
636243	655261	
636336	657029	
636301	656117	
636299	656106	
636296	655418	
636256	656728	
636284	657695	
636297	656932	
636302	656130	
636354	656364	
636305	655715	
636252	656216	
636298	656442	
636290	656892	
636333	656750	
636360	655929	
636316	656621	
636306	656551	
636310	656469	
636282	656782	
636340	656909	
636224	655349	
636294	656287	
636290	657032	
636301	655743	
636280	655592	
636349	657639	
636295	656346	
636329	656036	
636263	656435	
636308	655930	
636313	657096	
636281	656453	
636279	657886	
636363	656751	
636358	655763	
636328	656350	
636238	657088	
636315	654898	
636378	657048	
636313	656593	
636284	656154	
636364	655317	
636315	656102	
636302	656848	
636361	656554	
636325	656887	
636305	655838	
636324	656812	
636289	656839	
636357	657041	
636312	657001	
636295	655093	
636351	655707	
636333	656592	
636303	655827	
636263	656456	
636243	655412	
636374	657297	
636313	655924	
636291	655352	
636286	656312	
636311	656477	
636281	655890	
636237	655356	
636339	655957	
636344	655267	
636332	656132	
636240	657527	
636310	656054	
636390	656956	
636274	656036	
636346	656358	
636234	656114	
636360	656795	
636272	656355	
636305	655776	
636326	656648	
636340	657034	
636265	656369	
636392	657048	
636285	656131	
636365	657367	
636332	656685	
636289	656674	
636337	656149	
636344	657032	
636260	656158	
636346	657777	
636346	654957	
636302	656984	
636320	657464	
636370	656461	
636300	655678	
636422	657477	
636300	656661	
636289	655865	
636301	657456	
636317	656199	
636310	656672	
636362	654334	
636384	656440	
636321	656602	
636232	657525	
636338	656792	
636300	656212	
636316	656180	
636340	657195	
636347	656073	
636400	656032	
636241	654502	
636292	656164	
636263	656937	
636331	655728	
636342	655975	
636302	656513	
636341	655394	
636380	657212	
636363	656327	
636352	655804	
636306	656264	
636212	657880	
636310	656795	
636388	657656	
636365	655612	
636292	656875	
636339	656813	
636306	656257	
636312	656869	
636376	656216	
636346	656202	
636265	656215	
636367	656281	
636325	657620	
636384	655884	
636353	655695	
636310	655629	
636269	656575	
636351	656959	
636387	655720	
636418	656585	
636280	656620	
636305	655302	
636293	655787	
636356	658191	
636300	656407	
636327	656165	
636285	656191	
636355	656767	
636357	656028	
636266	656229	
636284	656911	
636331	656266	
636373	656704	
636318	654774	
636319	655759	
636310	656672	
636361	656478	
636272	656266	
636398	656408	
636316	656672	
636309	656734	
636323	655761	
636383	656545	
636293	657333	
636322	656126	
636309	656592	
636309	656772	
636293	656005	
636317	656036	
636425	656352	
636330	656015	
636359	655292	
636295	657111	
636319	656672	
636313	656742	
636339	656983	
636336	656000	
636313	656556	
636327	656259	
636351	656275	
636273	655995	
636306	656831	
636378	656779	
636309	656335	
636323	655994	
636370	656358	
636329	657035	
636319	656886	
636300	655343	
636302	656924	
636319	655938	
636348	655842	
636302	656324	
636297	655540	
636370	655729	
636323	657112	
636296	656079	
636303	656271	
636343	657265	
636368	656958	
636396	656530	
636374	656472	
636313	656528	
636334	657524	
636360	657415	
636275	657080	
636305	655520	
636340	656449	
636314	656913	
636334	656151	
636348	656086	
636331	657068	
636272	654776	
636319	654327	
636372	654591	
636370	656288	
636284	655370	
636345	656898	
636304	656218	
636251	656317	
636359	656479	
636378	656307	
636331	656696	
636302	656287	
636342	656185	
636387	656679	
636312	657086	
636285	657445	
636315	655682	
636320	656034	
636370	655279	
636318	656825	
636347	655451	
636322	656999	
636356	655872	
636319	657502	
636337	655897	
636331	657760	
636360	655729	
636298	656958	
636371	654985	
636325	656695	
636330	655580	
636320	655586	
636385	654751	
636297	656226	
636284	657169	
636278	655619	
636300	657079	
636314	656990	
636336	655602	
636386	656039	
636382	656663	
636346	656399	
636279	656340	
636339	656991	
636386	656203	
636247	655802	
636288	656288	
636284	656867	
636393	656313	
636349	655929	
636317	657645	
636335	657043	
636307	655621	
636377	656874	
636297	656327	
636384	655960	
636367	655893	
636358	654822	
636297	655032	
636381	655781	
636364	656316	
636315	656550	
636302	655947	
636339	656022	
636336	655198	
636279	656482	
636282	656543	
636361	657150	
636329	656855	
636364	655763	
636313	656765	
636342	656533	
636358	655672	
636316	656195	
636357	655212	
636248	657962	
636365	655897	
636295	657103	
636321	656347	
636423	656366	
636306	655405	
636309	656527	
636326	655574	
636294	654652	
636317	657544	
636306	657175	
636359	656019	
636381	656567	
636273	656103	
636317	656393	
636368	655834	
636360	655647	
636376	656590	
636274	656695	
636393	656789	
636389	654831	
636282	656720	
636317	655730	
636279	656350	
636344	655744	
636356	656516	
636302	657205	
636324	656342	
636357	656555	
636321	656332	
636336	656658	
636336	656062	
636437	654861	
636264	655720	
636343	658506	
636336	656924	
636337	655568	
636330	657385	
636328	656715	
636265	656426	
636379	657071	
636296	656565	
636322	656578	
636348	657672	
636316	656842	
636282	656031	
636329	658081	
636307	656412	
636352	656344	
636342	656445	
636330	656236	
636412	657610	
636331	656874	
636245	656216	
636297	656030	
636309	656838	
636283	656652	
636270	657168	
636312	655907	
636393	656296	
636326	656738	
636297	656241	
636244	656138	
636403	656085	
636352	656615	
636341	656331	
636216	656189	
636366	656119	
636319	656471	
636297	655718	
636334	655475	
636322	657214	
636279	656454	
636307	655915	
636326	656182	
636282	655668	
636262	656053	
636268	655845	
636338	657445	
636280	655624	
636295	655291	
636316	656543	
636365	657732	
636325	657192	
636305	657274	
636366	656573	
636354	655810	
636307	656309	
636310	656145	
636248	655895	
636352	656843	
636275	655530	
636249	656531	
636293	656574	
636365	656943	
636323	656949	
636294	656066	
636279	656274	
636370	655960	
636307	657536	
636307	656626	
636325	656458	
636299	656337	
636394	656098	
636330	655821	
636307	655730	
636293	655999	
636271	656352	
636298	655348	
636310	656230	
636190	656538	
636371	656174	
636283	656384	
636322	655745	
636265	656837	
636271	656324	
636300	657094	
636368	656422	
636310	656145	
636273	656082	
636294	655170	
636329	656030	
636315	655978	
636238	654825	
636345	656777	
636289	656151	
636282	656946	
636270	656624	
636343	657299	
636325	656161	
636314	656218	
636254	656026	
636280	656843	
636292	655450	
636245	656972	
636311	657517	
636321	656488	
636315	657542	
636287	655931	
636243	656349	
636318	656527	
636329	655523	
636258	656278	
636296	656904	
636297	655665	
636268	656800	
636318	656137	
636321	656401	
636303	655642	
636250	656089	
636304	656117	
636236	657251	
636279	656441	
636224	657130	
636274	656147	
636329	655616	
636403	654880	
636231	655895	
636192	656666	
636263	655038	
636270	655131	
636306	655699	
636235	657016	
636261	655910	
636338	657143	
636312	655589	
636289	656252	
636249	657114	
636273	655430	
636303	655525	
636312	656218	
636317	656409	
636281	656313	
636258	656294	
636335	656072	
636254	656949	
636270	656215	
636324	655948	
636286	657123	
636264	656046	
636255	655972	
636280	655879	
636229	657334	
636309	656899	
636182	656031	
636299	656471	
636290	655084	
636288	656013	
636314	656546	
636261	657210	
636340	656627	
636301	655975	
636229	656819	
636253	656285	
636294	656632	
636256	656732	
636373	657166	
636240	657215	
636228	656026	
636255	656597	
636292	656273	
636223	655533	
636309	656528	
636267	656857	
636227	655950	
636267	656421	
636244	656331	
636217	656057	
636213	655683	
636309	656750	
636229	656891	
636315	656751	
636212	657458	
636308	655574	
636258	655613	
636271	656911	
636246	655679	
636145	657613	
636289	655842	
636288	655923	
636274	655999	
636235	656282	
636194	656250	
636346	656648	
636146	656047	
636240	657029	
636306	655952	
636301	657174	
636242	657472	
636241	655313	
636282	656237	
636281	657273	
636205	655920	
636236	656113	
636272	657552	
636193	656777	
636265	655767	
636227	656083	
636231	656339	
636276	655955	
636272	656134	
636305	656157	
636225	656915	
636215	657352	
636252	657067	
636268	656702	
636265	655695	
636243	656640	
636159	656149	
636303	656440	
636273	656654	
636165	656356	
636233	656756	
636311	656676	
636207	656766	
636249	655842	
636206	655371	
636293	657215	
636203	656172	
636205	656652	
636209	657322	
636275	656879	
636252	657106	
636193	656223	
636223	657423	
636284	655969	
636259	655624	
636219	655814	
636267	656667	
636220	655969	
636252	655732	
636258	656085	
636251	655864	
636231	654812	
636248	656156	
636224	656595	
636237	656990	
636205	655300	
636194	656042	
636232	654402	
636282	656067	
636179	655531	
636196	656274	
636193	655204	
636250	656243	
636249	655707	
636197	656484	
636233	656944	
636247	656517	
636202	657124	
636208	657094	
636226	657045	
636229	656105	
636237	657213	
636279	657028	
636211	656404	
636243	656962	
636244	657838	
636206	657504	
636234	656256	
636300	655855	
636220	656284	
636165	656084	
636219	656340	
636169	656710	
636151	656192	
636223	655567	
636190	655315	
636279	657629	
636206	656854	
636195	656889	
636172	655146	
636259	656404	
636250	656267	
636252	655281	
636210	656078	
636200	656191	
636151	656280	
636175	655540	
636207	656814	
636187	654661	
636194	657037	
636225	656526	
636224	656163	
636204	657028	
636190	658011	
636260	656619	
636226	655073	
636210	656284	
636182	657337	
636185	656373	
636218	656121	
636231	656098	
636165	656569	
636132	656265	
636269	656100	
636200	655872	
636141	656756	
636188	655856	
636266	656450	
636247	656685	
636204	655960	
636165	655960	
636284	657214	
636308	655983	
636173	656166	
636108	656344	
636265	654914	
636214	657083	
636201	656763	
636163	655778	
636196	656314	
636258	655555	
636196	656351	
636201	655621	
636212	656306	
636099	656000	
636244	655794	
636190	656313	
636248	656513	
636176	655792	
636194	656901	
636202	656039	
636250	656162	
636143	656410	
636158	654867	
636177	656226	
636189	656831	
636145	655802	
636140	656612	
636284	656825	
636180	656751	
636175	656846	
636177	655901	
636219	656435	
636218	656712	
636153	656119	
636170	657054	
636263	655816	
636175	655440	
636210	656832	
636154	656862	
636180	657527	
636272	656620	
636125	656460	
636159	656719	
636207	657646	
636157	655654	
636184	656332	
636180	656371	
636153	657109	
636186	655977	
636147	656818	
636208	656141	
636193	656947	
636181	655830	
636193	655980	
636210	656762	
636201	656566	
636157	658652	
636152	656231	
636226	656203	
636221	657577	
636175	656515	
636171	655596	
636130	656459	
636171	656626	
636141	655824	
636183	656384	
636210	656415	
636174	655481	
636184	655727	
636226	655882	
636207	656517	
636238	655047	
636083	656235	
636177	654326	
636230	655838	
636175	656455	
636137	656307	
636152	656809	
636181	657092	
636219	656525	
636115	656233	
636121	655747	
636246	656851	
636219	655721	
636138	656755	
636214	656438	
636240	655563	
636157	656035	
636168	656762	
636183	656618	
636237	656221	
636213	655134	
636143	657362	
636138	656456	
636180	656618	
636166	655556	
636190	657002	
636164	655940	
636134	656643	
636196	657156	
636138	655582	
636183	656562	
636209	656390	
636145	656153	
636151	656146	
636207	656483	
636214	655881	
636111	656150	
636155	656078	
636205	657403	
636241	655792	
636143	656646	
636112	656313	
636237	655974	
636105	656627	
636161	655796	
636064	657851	
636215	655811	
636184	655950	
636163	656849	
636251	656283	
636204	656818	
636177	657061	
636133	656441	
636143	656651	
636217	656523	
636186	656390	
636104	656896	
636156	656475	
636159	656249	
636223	655894	
636163	656517	
636131	657831	
636203	656111	
636108	655607	
636137	656678	
636175	655678	
636150	655187	
636220	657009	
636159	656171	
636216	656277	
636198	656789	
636163	656567	
636168	655494	
636151	656201	
636124	656635	
636120	655388	
636157	655167	
636194	656218	
636133	656927	
636111	656935	
636175	655905	
636206	655696	
636115	655794	
636132	656986	
636120	655783	
636189	656808	
636170	656786	
636143	655190	
636177	654841	
636201	657884	
636153	655894	
636080	656964	
636109	656263	

 Comment
@