Version  	 2.0
 Type  	analog
 Azimut 	180
 Exceed 	20
 Alpha  	40
 Quantity of cycles 	1000
 Quantity of strobes 	2001
 Strobe 	10
 Delay  	0
 Time begin 	18:18:00
 Time end   	18:18:50
 Data
637167	641351	
637191	641479	
636567	640949	
637540	642517	
637159	720984	
636885	663256	
632942	1607752	
654220	2452470	
639128	1044118	
639169	749985	
639938	684515	
640838	657039	
638900	661034	
637458	666786	
638848	656514	
636950	652564	
637498	655464	
637395	650934	
637244	647590	
637353	648214	
637019	649468	
637734	648308	
637316	645091	
637573	646086	
637290	646926	
637405	646576	
637264	645642	
637134	647654	
637134	647580	
636976	648821	
637161	655212	
637231	668829	
637350	693230	
637549	727013	
637912	764439	
638363	801815	
638561	824261	
638675	829015	
638689	822630	
638745	815929	
638741	812737	
638742	812114	
638810	812362	
638892	814495	
638965	812026	
638986	804974	
638909	788667	
638989	771570	
639034	763024	
639056	759460	
638924	757869	
638828	754022	
638813	749651	
638764	744321	
638633	739130	
638653	736185	
638628	730506	
638581	725863	
638601	721596	
638533	719471	
638563	717001	
638517	714866	
638517	713648	
638471	710059	
638480	708837	
638397	706490	
638345	704069	
638369	702575	
638341	699865	
638312	696596	
638272	694477	
638236	691914	
638269	689227	
638210	686793	
638264	685803	
638277	683302	
638232	682097	
638160	681546	
638180	679010	
638131	679633	
638068	679302	
638086	676937	
638086	674846	
638069	672774	
638062	674087	
638045	675608	
637944	677518	
638037	673754	
638017	673813	
638059	671491	
637901	670511	
637894	668418	
637956	666566	
637943	667477	
637810	665394	
637766	664714	
637836	663779	
637798	662527	
637807	661602	
637772	659845	
637739	659673	
637668	658851	
637741	657987	
637725	658811	
637660	656771	
637674	655545	
637602	655867	
637608	655793	
637598	655440	
637630	655851	
637583	655558	
637578	654103	
637525	652654	
637626	653802	
637600	652861	
637451	651838	
637499	653227	
637487	654063	
637514	654087	
637531	651917	
637472	651487	
637511	652116	
637532	649722	
637496	649864	
637448	650496	
637440	649363	
637495	649967	
637552	649496	
637477	649014	
637411	649667	
637395	646913	
637402	648784	
637447	647157	
637386	648618	
637395	648812	
637350	648284	
637399	649080	
637422	647365	
637379	647602	
637456	648244	
637420	647522	
637412	647295	
637420	647962	
637356	647706	
637351	647344	
637372	647517	
637365	648146	
637409	646592	
637327	647028	
637382	645939	
637362	646310	
637361	645782	
637394	646738	
637301	646314	
637358	645598	
637345	645935	
637342	645123	
637353	647341	
637353	646736	
637294	644937	
637338	645541	
637308	645591	
637354	645083	
637256	646083	
637350	644373	
637301	644208	
637336	643971	
637288	643482	
637268	645933	
637259	643723	
637305	644664	
637270	644686	
637234	644459	
637348	644288	
637267	644584	
637292	644203	
637286	644357	
637381	644341	
637246	645066	
637300	643613	
637208	644271	
637275	644567	
637307	644832	
637261	644202	
637272	643342	
637298	644360	
637256	644284	
637292	643489	
637333	643602	
637231	642400	
637233	644255	
637315	644198	
637285	642982	
637302	643896	
637343	644454	
637215	644012	
637267	644275	
637266	643913	
637232	643151	
637277	642916	
637190	643079	
637306	643501	
637271	643286	
637257	643756	
637224	643722	
637243	643183	
637346	643041	
637342	643482	
637255	642378	
637242	643491	
637243	643939	
637305	643314	
637211	643245	
637243	644191	
637241	642691	
637199	642722	
637262	641670	
637254	642930	
637262	643486	
637231	642711	
637237	644241	
637272	643066	
637274	642790	
637280	643043	
637271	643339	
637231	642564	
637213	642557	
637205	642493	
637286	643146	
637314	643087	
637224	643662	
637284	642775	
637279	643285	
637229	641143	
637187	643029	
637253	643206	
637222	643357	
637278	641575	
637275	643099	
637208	641719	
637250	642903	
637202	642397	
637245	641858	
637223	642899	
637200	642340	
637220	643484	
637329	641791	
637200	643033	
637294	642658	
637208	642765	
637237	642949	
637227	643362	
637303	642311	
637202	642332	
637236	642518	
637177	642857	
637183	642325	
637305	642627	
637210	642269	
637274	641723	
637213	641567	
637265	643197	
637292	643232	
637270	642337	
637211	642831	
637215	641936	
637296	641272	
637302	642031	
637234	642177	
637207	642217	
637213	642429	
637258	643079	
637265	641404	
637219	643537	
637254	642540	
637213	643914	
637273	643186	
637300	642696	
637267	642810	
637254	641793	
637220	642196	
637184	643142	
637266	642552	
637286	642867	
637269	642091	
637233	643012	
637223	641805	
637268	642119	
637239	642714	
637241	642497	
637256	641766	
637269	641015	
637284	642153	
637221	641922	
637292	642447	
637246	643182	
637224	642876	
637248	641247	
637235	642562	
637200	643031	
637222	641423	
637221	642943	
637220	640968	
637267	641320	
637241	642115	
637215	642666	
637226	641815	
637251	640969	
637279	641939	
637198	641975	
637215	641155	
637263	642295	
637268	640945	
637215	642622	
637202	641283	
637247	643232	
637299	641154	
637237	641446	
637184	642417	
637273	641488	
637160	642811	
637278	641764	
637264	642880	
637236	640657	
637232	642755	
637269	642271	
637254	642440	
637214	641563	
637232	641575	
637246	641961	
637186	642438	
637281	641912	
637273	641743	
637184	642511	
637226	642896	
637185	642024	
637185	641617	
637245	641874	
637198	640870	
637233	642506	
637202	641289	
637193	641143	
637241	640729	
637289	642127	
637237	641622	
637193	641748	
637198	641570	
637266	642082	
637259	641910	
637302	641533	
637181	641563	
637185	640631	
637215	641440	
637250	641307	
637204	641663	
637148	641687	
637227	641445	
637213	641734	
637196	640700	
637162	641764	
637211	640318	
637239	640847	
637265	641461	
637206	640296	
637197	642019	
637226	641753	
637227	641677	
637298	642081	
637162	642016	
637211	641693	
637218	640188	
637255	640993	
637189	642074	
637166	640208	
637172	640691	
637230	641605	
637195	641781	
637179	640347	
637212	639956	
637243	640806	
637171	641476	
637176	640940	
637227	640768	
637241	641354	
637155	641884	
637160	641245	
637218	641652	
637195	641219	
637216	640970	
637173	641190	
637185	640558	
637230	640531	
637286	642445	
637194	640616	
637262	639896	
637253	641701	
637229	641687	
637189	641486	
637163	640506	
637170	640876	
637223	640800	
637254	641142	
637224	641034	
637197	642021	
637256	640848	
637181	640392	
637224	641832	
637137	641017	
637249	641291	
637211	642413	
637228	641290	
637201	643049	
637201	640483	
637184	641722	
637260	642495	
637152	642475	
637239	641984	
637240	641405	
637235	640982	
637152	641178	
637191	641625	
637205	642711	
637217	641063	
637132	642948	
637174	641660	
637193	640092	
637271	641996	
637162	641882	
637117	641964	
637193	642968	
637309	641305	
637266	641673	
637142	641276	
637232	640601	
637283	640315	
637198	641724	
637184	640605	
637121	641837	
637187	641772	
637221	642436	
637198	642012	
637181	640825	
637159	643836	
637216	640697	
637270	641436	
637212	641372	
637184	641377	
637198	641167	
637198	641839	
637257	640851	
637151	640700	
637159	641232	
637255	641620	
637174	640167	
637155	642049	
637199	641957	
637175	640759	
637176	639730	
637139	642193	
637235	640983	
637146	640579	
637196	641642	
637120	642065	
637182	641324	
637190	640146	
637158	641788	
637177	640634	
637196	643125	
637246	642215	
637178	642879	
637240	640545	
637232	642164	
637136	640959	
637228	641834	
637172	642378	
637218	641668	
637226	640619	
637197	641523	
637187	642645	
637172	641073	
637170	640883	
637249	642064	
637267	641650	
637163	642571	
637246	641961	
637207	640014	
637218	641163	
637187	641681	
637166	642219	
637171	640338	
637199	643003	
637219	640446	
637133	641043	
637250	641041	
637150	641726	
637148	641814	
637267	641674	
637243	640610	
637189	642641	
637235	641486	
637232	640773	
637179	641234	
637118	640972	
637180	641084	
637130	641697	
637201	641265	
637203	642347	
637183	641110	
637172	640445	
637216	641538	
637206	640885	
637171	641568	
637173	641388	
637234	641982	
637198	641693	
637230	640456	
637273	642126	
637142	641646	
637207	640917	
637239	642168	
637172	640629	
637209	641026	
637133	640906	
637241	641300	
637175	643042	
637133	641914	
637167	641095	
637262	641133	
637218	641604	
637245	640946	
637199	641306	
637243	640407	
637227	641803	
637240	641149	
637161	639996	
637208	641133	
637208	642045	
637262	642608	
637227	640959	
637180	641722	
637186	642010	
637239	641496	
637208	641146	
637177	640938	
637212	641999	
637269	641365	
637280	640686	
637190	641237	
637192	640606	
637218	640749	
637169	639624	
637250	641429	
637152	641090	
637238	641899	
637217	641456	
637252	641382	
637240	640892	
637219	641585	
637240	640986	
637256	640276	
637194	640112	
637177	640770	
637216	641420	
637268	641076	
637216	640983	
637180	640261	
637195	641000	
637221	640702	
637195	640255	
637203	641413	
637222	641252	
637241	640873	
637250	641463	
637163	641114	
637130	641704	
637223	640688	
637270	640342	
637165	641846	
637186	641127	
637190	641230	
637237	641103	
637219	641833	
637125	640853	
637454	642116	
637581	639987	
637157	640911	
637130	641650	
637222	640848	
637132	640594	
637200	641609	
637187	640558	
637172	640153	
637209	641194	
637170	640536	
637237	641872	
637147	641867	
637266	641783	
637114	641174	
637190	641768	
637160	641432	
637218	641360	
637202	641327	
637191	641529	
637216	640792	
637191	640436	
637244	641093	
637190	640333	
637175	640406	
637162	640769	
637151	640555	
637225	640255	
637122	640839	
637221	640896	
637155	640532	
637165	640748	
637193	640657	
637196	641557	
637205	640970	
637129	640269	
637149	641101	
637158	640796	
637209	639113	
637166	639831	
637193	640833	
637131	640763	
637241	640440	
637166	641069	
637230	641952	
637153	640936	
637179	640123	
637197	640654	
637204	641566	
637167	640710	
637243	640120	
637193	640608	
637121	640234	
637169	641324	
637183	639993	
637172	640878	
637168	640495	
637227	641116	
637127	640693	
637240	641639	
637146	640371	
637211	641679	
637167	639985	
637185	641082	
637218	640836	
637215	640354	
637076	642055	
637233	641404	
637222	641871	
637216	642259	
637135	641111	
637191	641029	
637226	640526	
637224	640874	
637132	642155	
637158	641706	
637166	641926	
637125	642229	
637210	641205	
637186	641005	
637209	641135	
637226	641548	
637210	641645	
637179	640918	
637281	642629	
637160	640152	
637128	641734	
637150	641293	
637182	641282	
637225	640980	
637206	641936	
637213	640481	
637166	640437	
637232	641287	
637190	641837	
637127	641374	
637100	641173	
637229	641777	
637161	641177	
637183	640127	
637144	641503	
637134	640715	
637203	640567	
637201	641193	
637149	641344	
637140	641273	
637256	640747	
637210	639900	
637178	641129	
637231	640631	
637231	641618	
637190	641809	
637217	640164	
637161	640497	
637195	641288	
637187	640921	
637093	640928	
637171	641702	
637137	641855	
637220	640050	
637207	641971	
637149	641938	
637153	640477	
637181	641354	
637175	640871	
637193	641931	
637191	639840	
637184	641563	
637244	640827	
637144	641579	
637112	641116	
637218	641935	
637170	642342	
637203	641802	
637162	641048	
637188	641032	
637168	640401	
637268	641263	
637101	641135	
637201	641093	
637259	640166	
637242	640509	
637174	639897	
637137	641797	
637226	640267	
637211	641835	
637200	639678	
637143	641618	
637273	640904	
637141	641561	
637175	640943	
637116	641498	
637199	640296	
637231	642233	
637186	640515	
637145	642552	
637174	641304	
637285	640140	
637200	640812	
637152	641838	
637165	642117	
637123	641856	
637259	640780	
637172	641862	
637193	641060	
637187	641269	
637087	640616	
637177	642105	
637179	641802	
637167	640469	
637206	641808	
637202	641508	
637219	640786	
637232	641609	
637218	639798	
637156	641821	
637224	641838	
637160	640900	
637152	640884	
637178	641582	
637137	640154	
637246	640811	
637187	640724	
637202	641598	
637174	641187	
637173	640767	
637149	640884	
637254	640967	
637204	640713	
637204	641820	
637204	641870	
637099	641801	
637243	641805	
637242	641543	
637157	640822	
637248	641675	
637170	639541	
637189	640723	
637209	641178	
637228	642034	
637248	640943	
637152	640875	
637246	641930	
637188	641627	
637245	640895	
637224	641789	
637211	641282	
637192	639460	
637220	640727	
637206	640761	
637173	641850	
637168	640416	
637318	641507	
637215	640997	
637235	641178	
637241	640685	
637170	640901	
637212	641165	
637229	640789	
637166	640937	
637211	642565	
637201	641045	
637243	641038	
637189	641214	
637235	640792	
637177	641114	
637256	640279	
637249	640465	
637223	641004	
637232	641099	
637204	640848	
637245	641260	
637254	642445	
637245	640928	
637161	640568	
637206	641035	
637253	641226	
637230	641691	
637181	640696	
637290	641422	
637185	640928	
637244	639910	
637262	640920	
637244	640363	
637199	641292	
637196	640705	
637204	641717	
637216	640568	
637244	639766	
637273	640164	
637221	641985	
637143	640065	
637247	640784	
637216	640747	
637228	640691	
637153	642431	
637242	640608	
637251	641095	
637272	641574	
637236	640378	
637212	641600	
637262	640409	
637264	641041	
637248	640621	
637228	640881	
637173	640840	
637198	641675	
637307	641746	
637171	641125	
637208	640942	
637254	641677	
637298	641413	
637254	640905	
637232	640255	
637255	641484	
637230	641049	
637225	639973	
637199	641404	
637249	641437	
637248	642535	
637301	640787	
637171	641128	
637264	640334	
637248	641229	
637244	641619	
637223	642233	
637277	641818	
637258	640223	
637327	641148	
637190	640396	
637250	639730	
637225	641132	
637323	640061	
637214	639772	
637228	641015	
637194	640097	
637315	641270	
637225	641029	
637127	641937	
637184	640802	
637287	640178	
637238	642377	
637251	639920	
637176	640078	
637328	640876	
637296	641589	
637216	640092	
637245	640975	
637229	640505	
637259	639856	
637259	640711	
637193	640881	
637237	641262	
637267	639888	
637209	641185	
637209	640522	
637202	641265	
637244	641242	
637321	640184	
637272	640716	
637223	640491	
637282	641346	
637261	641529	
637250	641818	
637279	639762	
637280	641402	
637307	640638	
637268	641079	
637216	640438	
637292	640281	
637278	641673	
637219	641529	
637172	642586	
637283	641061	
637251	640220	
637232	641682	
637229	641711	
637219	640541	
637258	642371	
637204	639677	
637280	641483	
637277	640647	
637259	640931	
637225	640841	
637230	642315	
637271	641765	
637208	640939	
637253	641318	
637307	641888	
637261	640893	
637300	641398	
637281	639936	
637303	641175	
637243	642200	
637303	641225	
637342	641445	
637262	641315	
637229	642317	
637230	642968	
637281	641532	
637238	641721	
637349	641043	
637278	641423	
637306	640457	
637295	639437	
637270	641861	
637255	640800	
637297	641403	
637292	641146	
637260	640795	
637307	641266	
637277	641087	
637231	641277	
637265	641833	
637241	640447	
637234	642526	
637286	641250	
637253	641592	
637315	639963	
637330	642146	
637282	640820	
637223	640512	
637220	641903	
637240	642181	
637333	639362	
637279	639769	
637293	641306	
637256	640780	
637304	640932	
637259	640474	
637328	639602	
637158	640688	
637307	641020	
637235	639604	
637272	641193	
637273	641922	
637229	640242	
637298	640656	
637223	641580	
637186	640622	
637296	641447	
637325	640492	
637268	638863	
637193	641825	
637256	640252	
637297	641671	
637290	639966	
637264	640325	
637232	639995	
637257	642104	
637297	641380	
637264	641183	
637269	640496	
637341	641607	
637320	640356	
637265	640626	
637274	640298	
637310	640758	
637244	640747	
637266	641663	
637293	640916	
637250	641346	
637286	641278	
637260	639641	
637224	640076	
637253	641119	
637281	640229	
637263	640331	
637272	641611	
637256	640593	
637207	640508	
637291	640819	
637225	640634	
637224	641156	
637261	639801	
637192	641002	
637224	639785	
637307	641174	
637299	640106	
637250	639500	
637205	640924	
637307	640232	
637308	641087	
637300	640978	
637243	641189	
637270	641129	
637344	640255	
637347	640364	
637272	641256	
637303	640736	
637266	641384	
637306	640818	
637291	640485	
637292	641486	
637265	641667	
637288	640821	
637287	639684	
637306	641183	
637225	640302	
637355	639612	
637258	640769	
637282	639542	
637281	640555	
637289	640587	
637285	640902	
637281	640384	
637226	642223	
637292	641085	
637334	641484	
637286	640502	
637240	639695	
637314	641060	
637292	641024	
637293	640376	
637230	640929	
637287	640673	
637345	640475	
637316	641535	
637315	639814	
637269	640361	
637275	638536	
637304	641705	
637342	640614	
637282	641530	
637223	639281	
637301	640485	
637332	640573	
637273	639662	
637315	641047	
637294	641135	
637285	640966	
637305	640288	
637323	639719	
637294	641153	
637274	640658	
637273	639867	
637315	641716	
637353	640963	
637312	639809	
637270	639300	
637267	640994	
637326	640964	
637339	641711	
637348	641282	
637255	640624	
637326	641716	
637323	641882	
637366	640381	
637274	641249	
637291	640578	
637273	639897	
637395	639317	
637331	639991	
637307	640679	
637264	641484	
637323	639942	
637396	640252	
637317	640780	
637285	640060	
637339	641441	
637346	640708	
637362	640564	
637311	639627	
637378	641523	
637328	640970	
637326	640938	
637302	640196	
637345	639758	
637354	642311	
637237	640333	
637279	641198	
637367	641478	
637324	640535	
637305	641437	
637306	640304	
637345	642217	
637356	640906	
637354	641577	
637302	641170	
637267	641495	
637427	640717	
637332	640014	
637305	641461	
637288	642971	
637360	640752	
637327	640908	
637297	639272	
637301	640677	
637370	640834	
637341	640409	
637303	640024	
637402	641284	
637358	639639	
637310	641286	
637349	640871	
637298	640808	
637286	640334	
637363	641081	
637358	640825	
637273	639876	
637327	641098	
637353	640970	
637339	641374	
637290	640047	
637233	639130	
637299	640961	
637388	640049	
637276	641069	
637358	640861	
637339	640390	
637306	640295	
637335	640577	
637332	640896	
637307	640554	
637321	640628	
637301	640550	
637374	641627	
637386	640418	
637363	640785	
637287	640439	
637297	641171	
637345	641506	
637346	640511	
637319	639476	
637345	640985	
637289	640357	
637420	641176	
637410	640999	
637344	639664	
637367	641554	
637391	641161	
637431	641063	
637371	640997	
637346	641125	
637334	640749	
637382	641460	
637341	640245	
637268	640777	
637331	639762	
637344	641147	
637370	640813	
637315	641595	
637314	641392	
637318	639723	
637337	640599	
637361	640588	
637314	641132	
637375	641610	
637374	641216	
637329	640746	
637337	640140	
637333	639980	
637424	641459	
637354	640838	
637320	641888	
637334	639944	
637398	640557	
637358	640847	
637366	641059	
637350	641018	
637361	640608	
637401	640750	
637338	639903	
637359	641589	
637321	640684	
637359	640154	
637372	640405	
637333	640264	
637328	641741	
637397	639572	
637343	640399	
637306	640506	
637400	639874	
637395	640460	
637318	641703	
637325	640563	
637372	640069	
637382	639855	
637376	640588	
637274	640267	
637359	640839	
637358	640571	
637404	640346	
637319	641281	
637353	639397	
637397	640676	
637415	641203	
637366	641445	
637329	641095	
637337	640939	
637402	639973	
637348	641407	
637294	640575	
637368	639831	
637405	639829	
637409	640401	
637351	640305	
637319	640746	
637360	639759	
637340	640293	
637352	640691	
637397	640475	
637313	641405	
637328	640029	
637308	640904	
637393	639312	
637325	639705	
637387	640678	
637389	640565	
637332	640356	
637361	641005	
637364	641982	
637384	641214	
637341	640591	
637370	641903	
637422	641059	
637351	640456	
637371	641698	
637321	640878	
637423	640575	
637355	640389	
637313	641659	
637340	640007	
637334	641526	
637405	639986	
637364	642219	
637325	640672	
637415	640134	
637355	640583	
637379	641809	
637375	641240	
637395	641024	
637381	640991	
637419	640624	
637380	639868	
637331	640262	
637422	639821	
637379	639577	
637363	641602	
637345	641118	
637447	641161	
637406	641005	
637341	640722	
637423	640085	
637426	639725	
637390	640508	
637345	639622	
637365	641543	
637385	640766	
637350	640494	
637388	640092	
637280	640368	
637364	642290	
637368	640923	
637351	641910	
637344	640685	
637411	641144	
637379	640592	
637416	641631	
637301	641060	
637344	641164	
637357	640843	
637404	641091	
637382	640633	
637353	640423	
637299	641427	
637358	641750	
637402	640412	
637385	641230	
637353	639960	
637373	641251	
637466	641259	
637378	640910	
637336	641887	
637361	641714	
637401	641293	
637375	640259	
637366	640419	
637415	641451	
637388	639817	
637386	640739	
637381	642375	
637416	641524	
637414	640046	
637438	640259	
637393	640748	
637414	640994	
637403	639712	
637361	640345	
637405	640185	
637329	640172	
637382	641800	
637405	640556	
637308	640034	
637435	639740	
637350	640009	
637422	641070	
637328	640987	
637424	639444	
637381	640860	
637477	641631	
637342	640504	
637393	639655	
637405	640399	
637418	639632	
637401	640843	
637369	640113	
637377	640552	
637351	641781	
637381	640233	
637378	640276	
637421	640614	
637405	642240	
637362	641602	
637316	641681	
637411	640098	
637422	640251	
637444	641174	
637410	640152	
637372	640816	
637396	641208	
637400	641790	
637351	640416	
637357	640958	
637415	640424	
637444	640244	
637367	641492	
637392	639434	
637383	641054	
637350	640915	
637426	640848	
637440	640177	
637387	641315	
637393	640658	
637393	640641	
637397	641059	
637340	640628	
637425	641321	
637375	641878	
637446	640638	
637299	641526	
637416	640648	
637407	640741	
637428	640941	
637367	639099	
637407	639116	
637354	639571	
637372	639815	
637386	639270	
637360	640777	
637362	641160	
637393	642223	
637354	639844	
637361	641388	
637437	640232	
637441	639416	
637351	638987	
637354	640927	
637379	640147	
637406	642384	
637364	640294	
637343	641431	
637408	640375	
637375	641465	
637409	641479	
637362	640078	
637321	640287	
637438	642091	
637459	640560	
637379	641395	
637351	639328	
637382	640608	
637422	640712	
637409	640407	
637400	640972	
637379	639980	
637426	640750	
637370	640723	
637356	641807	
637384	639820	
637392	641097	
637355	640882	
637351	640932	
637349	640363	
637431	640497	
637420	640890	
637362	640689	
637364	640886	
637438	640778	
637434	640591	
637346	638811	
637360	641338	
637373	638788	
637379	641289	
637352	640718	
637377	641116	
637385	640806	
637401	641872	
637366	641282	
637396	641244	
637390	641763	
637418	641974	
637378	639890	
637421	639869	
637354	640713	
637355	641091	
637412	640059	
637377	641209	
637370	641214	
637331	639423	
637402	640505	
637421	641042	
637354	640146	
637416	641762	
637321	641187	
637410	640854	
637394	641799	
637425	640415	
637312	641294	
637397	640919	
637387	641343	
637406	640417	
637394	641182	
637366	641797	
637336	639941	
637396	641070	
637325	640963	
637397	640064	
637402	641020	
637408	639983	
637319	640028	
637369	639694	
637359	640095	
637355	640155	
637380	640987	
637344	641151	
637385	641253	
637385	640071	
637395	639582	
637426	639291	
637344	640840	
637318	641019	
637332	640265	
637373	640190	
637352	642023	
637383	639567	
637385	640637	
637417	639956	
637337	639796	
637383	640305	
637339	640846	
637379	641196	
637434	640031	
637416	640665	
637307	639828	
637394	640957	
637355	640308	
637399	641220	
637296	639550	
637349	641135	
637329	640590	
637399	641250	
637347	639558	
637383	640617	
637411	640030	
637440	639498	
637376	641213	
637347	640832	
637352	641077	
637432	639566	
637376	641256	
637376	640102	
637296	641440	
637442	640997	
637396	638759	
637362	640480	
637370	641812	
637369	640265	
637400	640391	
637388	640686	
637315	640198	
637387	641280	
637389	641590	
637328	641408	
637296	641721	
637334	640176	
637407	640434	
637389	641002	
637403	641297	
637322	640055	
637406	640595	
637364	640017	
637386	638651	
637339	640859	
637392	640634	
637384	641540	
637409	640958	
637381	640133	
637400	641512	
637370	641654	
637382	639445	
637391	640868	
637388	640132	
637383	639541	
637369	640804	
637357	640546	
637411	641226	
637323	640464	
637371	641520	
637344	641201	
637378	640070	
637390	641993	
637321	640174	
637342	640235	
637315	640822	
637414	640700	
637408	641284	
637359	641293	
637288	641345	
637353	640021	
637439	640899	
637323	640942	
637408	639505	
637356	640793	
637415	641488	
637470	639683	
637405	640475	
637316	640757	
637370	640195	
637303	640058	
637385	639941	
637366	639353	
637286	640498	
637405	641402	
637367	641165	
637413	641080	
637411	640570	
637345	640051	
637397	639694	
637394	641228	
637366	642140	
637355	640911	
637372	639572	
637352	641102	
637359	641566	
637380	639392	
637323	641163	
637353	640460	
637321	640890	
637407	640182	
637357	640683	
637314	641387	
637408	640567	
637389	640056	
637448	642176	
637349	640879	
637412	641346	
637323	640974	
637368	641051	
637476	640968	
637369	641691	
637348	640334	
637401	641730	
637457	639959	
637360	641209	
637325	640320	
637340	640960	
637389	639576	
637365	641000	
637367	640999	
637377	639428	
637419	639518	
637344	640225	
637362	641481	
637376	640616	
637407	638777	
637388	639351	
637413	641296	
637347	640068	
637367	640868	
637401	641108	
637360	641674	
637350	640880	
637338	640388	
637374	639914	
637331	640544	
637350	641282	
637324	639661	
637389	639932	
637336	640526	
637286	641253	
637423	640437	
637401	639649	
637288	640574	
637349	640982	
637378	639641	
637389	641603	
637339	641356	
637312	640833	
637414	641425	
637357	640194	
637364	640735	
637317	641525	
637361	639854	
637334	641558	
637386	641027	
637351	641687	
637299	639462	
637400	640553	
637454	639540	
637304	640786	
637293	641079	
637355	639902	
637409	640592	
637404	641020	
637299	640528	
637325	640790	
637388	640827	
637394	641588	
637376	640996	
637325	639854	
637363	641107	
637320	640910	
637380	640655	
637376	641579	
637330	639729	
637352	640526	
637350	639818	
637313	640091	
637319	641068	
637349	640629	
637394	641332	
637314	640190	
637368	640777	
637276	640121	
637405	641823	
637258	640439	
637406	641330	
637318	639660	
637392	640800	
637377	640540	
637359	641151	
637285	641820	
637376	640870	
637314	641125	
637383	640568	
637359	640183	
637315	641265	
637328	640287	
637338	641532	
637341	640902	
637390	640544	
637346	639976	
637370	641274	
637282	640001	
637325	639589	
637308	640430	
637310	640504	
637323	641126	
637326	640660	
637410	640261	
637390	640780	
637233	641339	
637367	639926	
637385	640164	
637291	639879	
637350	640776	
637288	640314	
637271	640341	
637389	640477	
637278	639356	
637297	640752	
637240	640352	
637361	640761	
637373	641088	
637343	640360	
637321	642169	
637310	640213	
637323	640250	
637354	639086	
637375	641450	
637278	639800	
637297	640508	
637328	641046	
637364	639873	
637271	641214	
637340	641211	
637304	640192	
637296	641132	
637370	640372	
637292	641377	
637286	640835	
637346	639962	
637329	640627	
637339	640601	
637310	640844	
637336	640215	
637299	640402	
637276	640219	
637351	640885	
637307	640914	
637323	640984	
637303	639331	
637317	639624	
637295	640060	
637315	640466	
637291	640617	
637339	639704	
637328	640263	
637299	640094	
637282	641287	
637359	640783	
637281	639734	
637334	640151	
637360	640704	
637255	640130	
637313	640953	
637328	639781	
637277	640066	
637329	641561	
637330	639963	
637286	641430	
637288	641403	
637352	640083	
637271	640015	
637342	640129	
637251	640806	
637292	640503	
637352	638113	
637326	640096	
637297	641329	
637301	640429	
637292	640357	
637388	640600	
637310	640594	
637295	640005	
637258	640776	
637291	641642	
637350	640636	
637300	641111	
637263	639847	
637336	641160	
637280	641401	
637267	640277	
637302	640653	
637305	640103	
637281	641736	
637303	640924	
637281	641364	
637323	640043	
637317	639480	
637295	640038	
637261	641473	
637327	641506	
637321	640871	
637280	640674	
637280	640236	
637316	641100	
637269	641082	
637287	639746	
637320	641191	
637287	641436	
637301	640307	
637340	639955	
637303	640991	
637347	640901	
637240	641483	
637266	641273	
637324	640522	
637317	641020	
637321	640996	
637244	640300	
637307	641319	
637274	640798	
637309	641278	
637328	640141	
637254	641167	
637314	639406	
637362	640359	
637318	640487	
637297	641217	
637233	639630	
637338	641720	
637291	639667	
637341	640491	
637282	640940	
637303	640906	
637243	639852	
637321	641560	
637274	640801	
637322	641312	
637271	640960	
637236	640946	
637216	640546	
637295	640723	
637381	641635	
637235	641535	
637300	641573	
637294	641098	
637309	641015	
637290	640681	
637286	640798	
637310	640584	
637352	639633	
637311	639889	
637315	640197	
637311	640483	
637282	640187	
637373	639882	
637344	640051	
637255	641643	
637289	639980	
637316	640683	
637313	640440	
637256	639748	
637314	639146	
637296	640786	
637357	639679	
637286	640368	
637262	640175	
637331	641177	
637222	640486	
637299	640985	
637290	642168	
637296	640760	
637349	641646	
637293	640605	
637276	640810	
637298	641329	
637301	640081	
637270	641131	
637334	640370	
637255	641117	
637376	639822	
637303	640786	
637246	640938	
637300	639870	
637261	640417	
637208	640731	
637308	641205	
637309	640691	
637246	641029	
637353	640814	
637360	640976	
637229	640222	
637321	640572	
637279	640845	
637279	639369	
637327	641305	
637267	640106	
637318	640704	
637321	638830	
637292	640259	
637256	640913	
637303	641405	
637275	639658	
637200	640690	
637364	641005	
637312	640691	
637320	640419	
637321	641363	
637334	639836	
637265	640189	
637265	640864	
637329	641041	
637317	640005	
637274	639256	
637303	640244	
637298	640212	
637233	640524	
637275	640725	
637234	641631	
637325	641163	
637234	640806	
637299	640433	
637247	639185	
637309	640838	
637383	640694	
637219	639559	
637249	640143	
637325	639703	
637209	639887	
637269	640571	
637336	640225	
637310	640554	
637277	639964	
637238	640574	
637313	640914	
637270	641215	
637262	640795	
637303	640958	
637287	640676	
637288	640840	
637235	640644	
637273	640425	
637337	641062	
637284	640852	
637222	640272	
637254	641090	
637319	640695	
637372	640835	
637271	639625	
637278	640940	
637291	639636	
637355	640588	
637284	639730	
637213	639818	
637256	641697	
637259	641266	
637263	640858	
637278	640386	
637229	640798	
637304	640379	
637282	640227	
637247	641401	
637221	640157	
637231	640519	
637326	640467	
637279	641236	
637336	639816	
637266	640865	
637296	641456	
637262	640224	
637256	641298	
637234	639424	
637344	640021	
637252	640281	
637335	640353	
637158	640405	
637294	641389	
637312	641863	
637280	640315	
637325	640239	
637222	639083	
637269	640462	
637281	640168	
637287	642381	
637217	640907	
637285	641179	
637367	640941	
637299	640259	
637261	640348	
637292	641175	
637308	639756	
637287	641491	
637300	641435	
637256	640945	
637228	640672	
637274	639792	
637364	641351	
637221	641921	
637286	641634	
637276	640821	
637373	641328	
637296	640510	
637240	640538	
637265	641426	
637314	639821	

 Comment
@