Version  	 2.0
 Type  	analog
 Azimut 	180
 Exceed 	20
 Alpha  	40
 Quantity of cycles 	1000
 Quantity of strobes 	2001
 Strobe 	10
 Delay  	0
 Time begin 	18:26:57
 Time end   	18:27:47
 Data
637639	636905	
637632	636217	
636971	637045	
637955	639086	
637618	715641	
637313	660504	
631297	1810198	
670875	2690517	
645725	1510087	
642397	816251	
642548	707196	
643549	661650	
641788	661611	
639301	669402	
640428	655314	
638163	650044	
638211	654912	
637555	648816	
637651	646193	
637650	646220	
637609	645227	
638355	644632	
637895	644892	
638309	647192	
638119	647605	
638144	646595	
637866	644983	
637621	646017	
637476	645360	
637359	648999	
637466	652652	
637427	662914	
637729	683851	
638007	714511	
638335	752507	
638830	788506	
639151	805193	
639322	801227	
639209	804447	
639197	804664	
639176	801748	
639143	799274	
639081	790164	
639104	778275	
639171	770276	
639324	767915	
639392	766415	
639439	764117	
639483	760909	
639564	757072	
639487	752583	
639425	747958	
639313	743655	
639161	738617	
639115	734340	
639063	732144	
639031	729340	
639021	726408	
639069	724791	
639086	721427	
639096	719277	
639100	716891	
639042	713715	
639020	711414	
638976	708747	
638947	706376	
638807	702538	
638799	700894	
638748	698147	
638744	694751	
638825	692947	
638705	689267	
638731	687703	
638711	685356	
638885	684250	
638769	683026	
638719	681497	
638663	680642	
638711	679903	
638630	678016	
638545	677659	
638499	673463	
638502	673631	
638630	673769	
638485	676170	
638513	675516	
638531	673912	
638564	669781	
638521	668192	
638396	666168	
638345	665336	
638417	664950	
638320	664063	
638316	661519	
638219	660654	
638310	660997	
638189	659489	
638196	658111	
638140	656838	
638241	656716	
638213	654798	
638172	656043	
638060	654736	
638134	654235	
638134	654314	
638108	652851	
638073	653769	
638051	652107	
638083	650566	
638026	650279	
637986	651357	
637957	652225	
638047	651453	
638022	650205	
637995	650235	
638001	650573	
637986	649356	
638001	649949	
637979	649802	
637995	647827	
637970	648239	
637932	648110	
637901	648618	
637924	648022	
637895	646638	
637944	646758	
637962	646418	
637862	647507	
637903	646593	
637939	646277	
637989	645231	
637835	646059	
637823	644430	
637867	645528	
637916	644555	
637868	644550	
637835	644508	
637857	645012	
637944	645826	
637891	643143	
637915	644871	
637796	643914	
637888	642396	
637799	643573	
637885	643883	
637774	644485	
637868	641785	
637830	643069	
637844	642607	
637828	642984	
637768	642218	
637820	641870	
637775	641752	
637777	641654	
637791	643010	
637811	642442	
637833	642057	
637873	641850	
637790	641516	
637777	641246	
637788	640921	
637761	641077	
637792	641078	
637860	640155	
637785	641146	
637795	641394	
637772	641864	
637741	641283	
637811	640021	
637774	642277	
637795	640748	
637713	640382	
637839	640595	
637790	640522	
637792	640950	
637749	640766	
637777	640223	
637786	641008	
637773	640437	
637688	641713	
637742	640978	
637733	640454	
637747	640468	
637781	640968	
637721	639986	
637718	640553	
637726	639827	
637797	639457	
637722	640207	
637782	640550	
637736	639916	
637730	639039	
637763	640067	
637712	639952	
637799	639821	
637706	640225	
637736	639120	
637724	639573	
637755	639339	
637691	639690	
637747	640721	
637736	639133	
637754	639509	
637740	639011	
637674	639301	
637756	639951	
637684	639316	
637695	639106	
637685	639417	
637784	640723	
637688	639473	
637701	638911	
637723	639041	
637724	639867	
637763	639841	
637694	638398	
637719	639203	
637750	639749	
637695	639383	
637731	638947	
637692	638815	
637685	639210	
637706	638631	
637741	638235	
637724	639240	
637649	638891	
637676	639487	
637758	639786	
637752	638582	
637742	638442	
637690	638383	
637655	639287	
637728	638071	
637727	638987	
637645	639151	
637721	638677	
637712	639601	
637733	639233	
637729	639444	
637745	640012	
637699	639577	
637740	638493	
637715	638273	
637626	638085	
637728	639434	
637717	638744	
637718	638169	
637642	637986	
637707	637863	
637699	639632	
637720	637686	
637657	638536	
637707	637105	
637676	638753	
637732	639735	
637690	638976	
637660	638554	
637665	639308	
637739	639021	
637696	639182	
637751	638858	
637661	639137	
637675	638556	
637689	639288	
637680	639340	
637679	637873	
637614	638907	
637753	638102	
637649	638429	
637646	638176	
637710	638937	
637696	637882	
637743	638364	
637618	638583	
637645	638373	
637700	638929	
637683	638250	
637622	638494	
637666	638928	
637698	638397	
637773	638161	
637677	639842	
637668	639563	
637672	636649	
637768	637496	
637700	638694	
637667	637784	
637616	638039	
637680	638242	
637707	637395	
637661	638065	
637622	638948	
637620	638838	
637649	638594	
637655	637762	
637692	638489	
637674	637637	
637657	638227	
637708	637116	
637642	638142	
637648	639138	
637632	636995	
637638	638281	
637636	637824	
637671	638559	
637681	637696	
637613	637568	
637633	638064	
637728	638287	
637664	638010	
637618	638695	
637686	638982	
637613	636437	
637753	638547	
637679	638776	
637623	637700	
637576	637737	
637688	637564	
637673	637619	
637730	638073	
637611	636858	
637566	636093	
637683	637552	
637658	636440	
637619	637816	
637602	636289	
637602	638925	
637595	638375	
637663	636961	
637593	637811	
637593	637377	
637594	638012	
637661	638534	
637673	637735	
637605	637143	
637604	637282	
637691	637727	
637619	637269	
637563	637978	
637661	638990	
637630	637352	
637628	638372	
637551	638102	
637687	637935	
637648	637603	
637671	636854	
637587	637406	
637575	636353	
637620	637528	
637737	637661	
637567	638693	
637564	637462	
637610	638749	
637652	637509	
637597	638324	
637587	638377	
637594	637349	
637643	637138	
637627	636642	
637585	638703	
637602	637509	
637621	638703	
637653	636751	
637615	637664	
637582	638639	
637643	638162	
637630	638631	
637639	636960	
637557	636669	
637616	638537	
637636	636877	
637631	638551	
637595	638540	
637569	637270	
637634	636469	
637627	637492	
637614	636856	
637619	637054	
637604	638064	
637635	636854	
637644	636945	
637516	638160	
637537	638112	
637638	638253	
637674	637323	
637504	638115	
637615	637421	
637619	638196	
637600	638553	
637561	637136	
637561	637601	
637594	637545	
637603	637882	
637622	636630	
637597	636913	
637583	636649	
637645	638632	
637624	637099	
637589	637829	
637600	638096	
637602	637591	
637621	637718	
637604	637769	
637573	637981	
637570	638181	
637670	636743	
637621	638200	
637528	636529	
637585	637595	
637555	638118	
637551	637305	
637568	637998	
637578	636749	
637614	638022	
637640	636814	
637537	637710	
637578	636169	
637509	636649	
637624	636922	
637578	637092	
637595	636190	
637557	636769	
637635	637083	
637575	638056	
637546	637560	
637535	636530	
637614	636715	
637653	635902	
637544	638860	
637483	638470	
637601	637284	
637594	636878	
637632	636985	
637494	636796	
637594	636815	
637573	636620	
637629	636987	
637583	635930	
637526	637960	
637592	638037	
637605	638526	
637597	636602	
637568	636351	
637635	636775	
637577	636860	
637586	638245	
637530	637390	
637629	637372	
637595	636675	
637592	638526	
637551	636505	
637614	637503	
637603	637234	
637600	637763	
637573	637237	
637562	637145	
637623	636937	
637545	637099	
637563	636593	
637543	638068	
637619	637238	
637685	637078	
637584	637125	
637519	637011	
637582	637364	
637643	637262	
637571	637112	
637564	636839	
637506	637653	
637596	637280	
637616	637941	
637584	637505	
637566	637031	
637542	636589	
637597	637330	
637582	636558	
637566	637992	
637552	637084	
637543	637417	
637649	637850	
637590	636847	
637600	636580	
637532	636876	
637529	636859	
637606	637782	
637580	638244	
637560	638117	
637607	637563	
637583	637808	
637571	637936	
637608	636800	
637627	636834	
637557	637100	
637582	636981	
637617	637791	
637650	636600	
637568	637115	
637580	637972	
637542	637969	
637627	637520	
637619	637998	
637558	636447	
637584	637563	
637606	637432	
637617	637682	
637548	637407	
637531	637258	
637629	636470	
637631	637099	
637583	635785	
637576	636614	
637584	636659	
637638	637354	
637589	637067	
637539	636990	
637529	636884	
637578	638113	
637604	637418	
637516	638218	
637588	636919	
637594	637580	
637596	637891	
637608	637467	
637596	637968	
637598	636607	
637616	636076	
637598	636975	
637543	636952	
637567	637033	
637614	636039	
637586	635452	
637581	637831	
637492	637810	
637548	635873	
637649	637445	
637585	636810	
637606	637364	
637557	636968	
637581	636816	
637628	637879	
637588	637160	
637575	636174	
637626	637284	
637616	636821	
637618	637246	
637575	636972	
637594	637173	
637600	635828	
637642	637987	
637603	637276	
637577	636832	
637628	636685	
637537	637478	
637627	636759	
637554	637674	
637512	637044	
637608	636266	
637599	636502	
637593	636191	
637588	636966	
637585	637186	
637619	636720	
637509	637301	
637608	637424	
637532	636835	
637583	637653	
637590	637314	
637613	636598	
637549	636867	
637613	637262	
637550	637042	
637666	636207	
637634	635629	
637591	637637	
637553	636835	
637606	637197	
637612	636778	
637574	637300	
637543	636847	
637544	636721	
637568	637272	
637612	637726	
637509	637636	
637787	638044	
637958	636665	
637526	635880	
637582	636380	
637567	636672	
637468	635420	
637595	636588	
637556	636447	
637547	636476	
637518	637253	
637491	637567	
637575	637552	
637602	636394	
637465	636187	
637492	636296	
637546	636932	
637549	637058	
637559	636049	
637533	637276	
637486	636729	
637539	636670	
637540	636187	
637614	636442	
637543	636755	
637513	635917	
637537	637292	
637514	637704	
637529	635893	
637589	635706	
637486	636617	
637479	637875	
637521	636708	
637519	636794	
637534	636275	
637558	636844	
637580	637196	
637536	635845	
637549	636109	
637497	637544	
637517	636724	
637571	636129	
637520	636794	
637519	636808	
637563	635785	
637487	635924	
637483	636734	
637535	636692	
637569	636214	
637496	637893	
637504	636818	
637515	635378	
637543	637019	
637491	637215	
637495	637917	
637540	636734	
637546	637470	
637518	637257	
637531	637248	
637482	636184	
637573	638234	
637534	637269	
637522	637438	
637532	636065	
637563	636690	
637537	637022	
637422	635152	
637518	637616	
637593	636077	
637559	636887	
637511	636121	
637499	637524	
637554	637280	
637538	636489	
637538	637245	
637483	637618	
637460	636992	
637572	635829	
637497	637290	
637492	637504	
637515	636829	
637501	637403	
637531	637216	
637520	636670	
637528	637383	
637508	635867	
637562	637075	
637572	637396	
637543	637431	
637550	636867	
637577	636388	
637483	636515	
637518	636629	
637486	637467	
637520	636353	
637544	636441	
637503	636733	
637503	637174	
637491	635686	
637558	637205	
637569	637331	
637567	637139	
637522	637138	
637502	636266	
637539	636873	
637578	637242	
637524	638139	
637553	636510	
637576	636252	
637551	637008	
637556	637205	
637544	636265	
637517	637386	
637530	636332	
637483	638508	
637498	637092	
637580	637244	
637598	636448	
637502	636971	
637478	636690	
637565	636201	
637477	637002	
637514	636818	
637493	637287	
637603	635512	
637543	636417	
637524	636932	
637455	636733	
637542	636722	
637520	636908	
637553	638071	
637478	636551	
637574	635444	
637608	636025	
637516	637195	
637473	636726	
637498	636918	
637505	637058	
637586	636986	
637571	636607	
637524	637274	
637503	637740	
637546	636274	
637552	636179	
637478	636418	
637468	636665	
637567	637225	
637629	636570	
637500	637383	
637507	636680	
637602	637774	
637564	636325	
637593	636548	
637531	636386	
637503	637816	
637549	636675	
637538	637387	
637504	636159	
637542	636020	
637517	636480	
637535	636001	
637523	637266	
637532	637452	
637542	636618	
637500	636163	
637584	636565	
637557	637118	
637504	637042	
637603	637045	
637489	636966	
637535	637166	
637563	635825	
637585	637594	
637514	637432	
637569	638048	
637531	637074	
637515	636924	
637635	637611	
637599	636147	
637518	635952	
637510	636232	
637557	637153	
637598	638293	
637521	637494	
637551	637155	
637600	636014	
637610	636283	
637550	637678	
637505	635588	
637545	636202	
637497	636714	
637573	637805	
637532	635734	
637523	638379	
637512	637632	
637595	637505	
637570	637592	
637539	637067	
637601	636456	
637583	635950	
637546	636462	
637543	636147	
637576	637627	
637602	636370	
637585	636940	
637597	636650	
637590	635823	
637506	635600	
637587	638149	
637530	636614	
637547	637116	
637612	635987	
637616	636066	
637518	637320	
637568	638034	
637572	636464	
637627	637579	
637614	636033	
637570	636813	
637511	637422	
637582	636798	
637555	637804	
637536	636314	
637569	636138	
637554	637559	
637575	635952	
637590	638536	
637542	637086	
637609	636364	
637564	636755	
637566	636163	
637569	637482	
637545	636221	
637563	637272	
637544	637295	
637622	637517	
637547	636539	
637616	636369	
637563	636314	
637600	636220	
637558	635763	
637593	635606	
637589	637377	
637557	637427	
637558	636559	
637534	636681	
637563	636179	
637654	637247	
637583	637121	
637523	636558	
637617	636829	
637569	637664	
637609	636097	
637488	636746	
637584	637580	
637610	637921	
637547	637160	
637611	637536	
637531	638298	
637594	635528	
637609	636387	
637527	636730	
637524	638732	
637573	637468	
637578	637605	
637670	636924	
637575	636462	
637589	637286	
637630	636916	
637651	636710	
637589	639051	
637673	636806	
637602	636792	
637661	636693	
637544	636324	
637528	636460	
637601	637503	
637628	637857	
637557	636561	
637608	636657	
637602	637016	
637626	639032	
637568	636636	
637569	636585	
637593	636889	
637600	636286	
637624	637575	
637564	636931	
637632	636787	
637645	636333	
637659	637255	
637647	637182	
637658	636289	
637596	636945	
637568	636835	
637607	637085	
637586	635404	
637584	636084	
637635	635952	
637639	636448	
637603	637588	
637524	636130	
637615	636184	
637589	637179	
637573	636894	
637532	634895	
637592	636417	
637629	636526	
637654	635560	
637608	636758	
637607	636855	
637622	636039	
637583	637680	
637633	636412	
637620	636995	
637651	636460	
637686	636654	
637658	636306	
637616	636846	
637607	635130	
637655	637575	
637632	635324	
637632	635899	
637621	637606	
637601	636784	
637636	636140	
637567	637123	
637615	636595	
637624	636726	
637694	637735	
637593	636979	
637614	636882	
637665	635838	
637702	638137	
637610	636191	
637623	636368	
637614	637231	
637667	636751	
637670	636665	
637586	635522	
637591	637570	
637610	636437	
637656	636179	
637660	637201	
637624	636130	
637672	636966	
637645	637211	
637675	637430	
637593	638124	
637591	636901	
637642	636860	
637641	637591	
637713	636091	
637644	636512	
637635	636799	
637668	636862	
637606	637896	
637693	637026	
637642	636748	
637687	636252	
637579	637334	
637677	637159	
637614	637372	
637732	637097	
637622	636075	
637584	638194	
637592	637145	
637708	637018	
637717	636947	
637612	635697	
637527	636077	
637636	637105	
637723	637122	
637635	637199	
637616	636943	
637622	636211	
637695	637178	
637700	637293	
637588	636155	
637637	636580	
637670	636889	
637634	636007	
637640	635983	
637612	636890	
637589	636975	
637609	636548	
637645	637477	
637605	636460	
637609	636508	
637661	635761	
637621	637497	
637663	637294	
637626	637811	
637697	637684	
637610	636766	
637627	636959	
637601	635947	
637683	635251	
637685	636569	
637620	636460	
637666	637522	
637623	636208	
637684	635478	
637642	636488	
637613	635327	
637601	635480	
637661	636902	
637618	636636	
637641	636614	
637655	637423	
637626	636738	
637666	636245	
637603	636084	
637638	637352	
637657	636521	
637645	636109	
637593	636849	
637673	636990	
637658	637157	
637593	636439	
637662	637709	
637678	636577	
637675	637263	
637655	636589	
637664	636244	
637622	637750	
637653	636062	
637690	636948	
637726	636369	
637646	637741	
637606	637628	
637681	636169	
637740	634560	
637655	637276	
637614	637011	
637585	636730	
637709	636572	
637673	635667	
637668	636738	
637660	637187	
637612	635183	
637782	635733	
637627	635843	
637614	636096	
637634	636249	
637657	636374	
637653	636118	
637664	636564	
637676	636022	
637644	636590	
637746	636809	
637672	636675	
637664	636453	
637640	636996	
637694	636401	
637696	636329	
637619	635766	
637667	636676	
637700	636862	
637714	637200	
637687	635952	
637625	636922	
637694	636566	
637704	636149	
637659	634798	
637663	637470	
637656	635853	
637730	636277	
637699	635583	
637655	636719	
637578	637441	
637672	636307	
637730	636456	
637684	635726	
637649	636804	
637690	636269	
637694	636981	
637766	635686	
637716	636556	
637655	636605	
637677	637316	
637725	635969	
637782	635733	
637711	635697	
637659	636615	
637643	635912	
637747	636529	
637651	636055	
637674	636378	
637689	636767	
637682	636939	
637723	637405	
637738	637111	
637726	637252	
637681	637294	
637725	637599	
637640	636595	
637745	637391	
637721	638271	
637685	635955	
637762	635834	
637770	636223	
637706	637487	
637662	636770	
637657	634731	
637749	636634	
637729	636283	
637728	635550	
637697	636326	
637647	636708	
637740	636577	
637736	636900	
637692	636344	
637679	637287	
637694	637342	
637742	636008	
637705	636454	
637736	635926	
637746	636796	
637703	637078	
637759	635826	
637732	636544	
637729	635738	
637722	636875	
637681	636641	
637722	635966	
637663	636924	
637727	636845	
637726	636917	
637749	636761	
637640	636419	
637692	636548	
637753	637342	
637724	637320	
637715	636454	
637708	636788	
637752	637021	
637766	636479	
637718	636444	
637712	636437	
637742	636670	
637681	636321	
637730	636108	
637671	635915	
637711	636793	
637695	635597	
637701	636107	
637785	637002	
637692	636621	
637725	635947	
637727	636331	
637675	637342	
637685	636181	
637806	636020	
637701	635773	
637704	637320	
637738	637063	
637741	636352	
637787	636914	
637705	637127	
637693	636994	
637771	636097	
637794	635697	
637793	637357	
637716	636625	
637759	636058	
637774	636895	
637791	636758	
637753	636359	
637758	636243	
637681	637107	
637814	636832	
637785	636467	
637751	637072	
637745	636087	
637748	635726	
637776	637224	
637697	636951	
637763	635929	
637742	636451	
637750	635930	
637790	636732	
637779	637175	
637801	636391	
637739	637101	
637776	636927	
637784	637950	
637770	637008	
637799	636912	
637741	636008	
637759	635514	
637759	635706	
637791	635803	
637739	637111	
637804	636072	
637724	637970	
637780	635475	
637829	636788	
637749	636571	
637724	637276	
637734	637012	
637796	636841	
637738	636941	
637760	637547	
637765	636229	
637736	635685	
637802	637813	
637776	635702	
637753	635761	
637796	635870	
637832	636717	
637724	636705	
637799	636673	
637750	636375	
637737	636319	
637698	635808	
637823	637081	
637780	636602	
637773	636524	
637746	637243	
637765	635654	
637805	635110	
637775	635884	
637790	635434	
637744	637046	
637796	637480	
637776	635960	
637783	634891	
637802	635667	
637722	637246	
637790	636978	
637781	636816	
637797	636494	
637733	636374	
637764	636488	
637855	636513	
637823	636164	
637819	635622	
637772	635963	
637782	635852	
637762	636643	
637862	636622	
637719	637152	
637807	637473	
637799	637486	
637806	635892	
637770	636121	
637842	636064	
637795	636224	
637760	635337	
637788	636790	
637825	634808	
637811	636632	
637759	636436	
637808	636546	
637811	637056	
637838	636226	
637806	636458	
637813	636179	
637706	637393	
637839	636467	
637867	636200	
637810	637149	
637764	637089	
637787	637640	
637805	636744	
637823	636491	
637831	636052	
637776	636096	
637779	636634	
637873	636404	
637807	636243	
637818	636828	
637802	635706	
637756	636827	
637873	636450	
637811	636707	
637781	636337	
637824	636430	
637813	636813	
637813	636503	
637821	636714	
637819	636573	
637822	637248	
637807	636369	
637872	637492	
637757	637355	
637811	637324	
637853	635375	
637855	636717	
637776	636750	
637840	636443	
637821	636066	
637819	636479	
637826	636203	
637806	636360	
637814	636836	
637803	635933	
637795	637339	
637787	636507	
637784	637227	
637858	636649	
637822	635996	
637872	637618	
637815	636430	
637788	636451	
637849	636867	
637772	636048	
637859	636873	
637797	636641	
637806	636336	
637842	636026	
637781	636560	
637869	636881	
637803	636934	
637785	637388	
637924	635538	
637780	635761	
637822	636481	
637854	634886	
637776	635227	
637829	637630	
637785	637817	
637837	636488	
637846	635665	
637819	636418	
637843	637154	
637865	637553	
637844	636079	
637808	636967	
637828	636708	
637831	636186	
637838	636488	
637867	635077	
637850	637487	
637781	637289	
637841	637097	
637806	636837	
637823	635337	
637799	636013	
637854	636119	
637793	637173	
637875	637299	
637820	636935	
637873	636695	
637816	636624	
637850	636129	
637852	636930	
637939	635881	
637857	636383	
637796	636316	
637841	636299	
637865	636085	
637880	636310	
637816	636289	
637812	636030	
637824	636343	
637845	635934	
637848	636249	
637787	635325	
637848	636097	
637822	636403	
637822	636544	
637881	636429	
637810	636301	
637837	636688	
637869	636533	
637812	636505	
637899	637321	
637836	636344	
637794	636606	
637890	635258	
637782	637081	
637854	637364	
637748	636784	
637824	636303	
637853	636385	
637785	637484	
637874	636133	
637801	635803	
637845	636276	
637807	637696	
637848	635362	
637858	635489	
637862	636199	
637776	635813	
637842	637196	
637840	636616	
637835	637819	
637785	636398	
637831	636455	
637839	637297	
637794	635922	
637847	637301	
637811	636932	
637775	636936	
637836	636404	
637860	637655	
637781	636602	
637833	635443	
637857	636665	
637773	637025	
637829	635843	
637820	637041	
637799	636801	
637837	636293	
637876	636335	
637841	636291	
637813	636504	
637799	636369	
637805	636536	
637885	636369	
637820	636382	
637835	635657	
637787	635798	
637768	636416	
637822	636204	
637879	636905	
637791	636433	
637815	636837	
637834	637515	
637844	637882	
637818	635360	
637864	637251	
637761	635701	
637866	636018	
637834	636746	
637833	636233	
637847	636539	
637822	636766	
637822	636236	
637825	636877	
637861	635543	
637836	634875	
637774	636486	
637783	635506	
637871	636807	
637832	637218	
637836	635768	
637773	637407	
637847	636373	
637845	636473	
637806	635598	
637815	636777	
637843	636668	
637847	636143	
637852	635685	
637868	636428	
637790	635478	
637796	636903	
637904	637771	
637833	635948	
637750	636235	
637821	636575	
637878	635995	
637847	636809	
637836	636016	
637855	637200	
637822	636352	
637849	636950	
637833	636177	
637820	635786	
637873	637028	
637847	636914	
637802	636849	
637869	635560	
637896	637007	
637841	636108	
637861	634861	
637861	637368	
637839	636876	
637865	636442	
637844	636936	
637825	635894	
637791	636770	
637803	636150	
637812	636452	
637803	636912	
637813	636709	
637846	637289	
637871	637502	
637804	636469	
637829	636368	
637832	636988	
637830	637052	
637838	635758	
637778	637342	
637804	636950	
637863	636449	
637815	637025	
637779	637155	
637848	636885	
637773	636742	
637847	635912	
637849	635542	
637822	636281	
637882	636333	
637803	637492	
637836	637095	
637812	636244	
637812	636756	
637863	637101	
637878	636032	
637827	636356	
637811	636802	
637846	635362	
637865	636963	
637837	636757	
637763	636542	
637785	636392	
637858	635814	
637813	636699	
637776	637976	
637842	636393	
637843	636951	
637832	635523	
637849	637396	
637885	636035	
637853	636010	
637783	636349	
637857	636171	
637754	636099	
637796	636250	
637848	635503	
637832	635883	
637834	637221	
637775	636367	
637815	635998	
637798	636544	
637844	637136	
637761	636576	
637827	635101	
637859	636676	
637819	635877	
637809	635970	
637811	635868	
637762	636503	
637871	637034	
637928	636073	
637846	635709	
637791	635463	
637804	635525	
637856	635878	
637842	636827	
637773	637077	
637800	637382	
637782	637232	
637861	636028	
637820	636412	
637785	636289	
637870	635728	
637846	636498	
637863	636759	
637792	636813	
637821	636115	
637827	637127	
637877	636765	
637831	635709	
637811	637012	
637786	636737	
637868	636000	
637781	636720	
637888	634722	
637805	636318	
637778	636661	
637852	636701	
637829	636351	
637853	636225	
637784	636876	
637791	635912	
637864	636354	
637730	636499	
637786	635890	
637765	637564	
637811	636301	
637784	636849	
637774	636360	
637799	636744	
637868	635801	
637777	635723	
637899	636845	
637814	636127	
637816	637556	
637817	637611	
637820	636831	
637815	636414	
637782	635356	
637866	638443	
637769	636032	
637804	635639	
637826	635717	
637796	636776	
637811	635517	
637808	637409	
637786	636100	
637836	636399	
637778	636276	
637780	635322	
637744	636277	
637808	635750	
637732	634998	
637809	635784	
637786	636592	
637797	636976	
637828	636163	
637798	636310	
637826	635762	
637792	635972	
637827	636356	
637746	636894	
637774	637556	
637790	638500	
637820	636212	
637841	636382	
637798	636463	
637787	635014	
637784	636991	
637837	635362	
637814	635415	
637703	636534	
637803	637434	
637822	636720	
637869	638366	
637798	637190	
637791	636324	
637861	636836	
637796	637333	
637746	635925	
637750	636111	
637836	636027	
637812	636881	
637805	636485	
637760	637167	
637787	635911	
637781	636197	
637791	635481	
637833	636741	
637775	636560	
637808	636179	
637819	635177	
637762	637910	
637784	637068	
637854	637235	
637801	636671	
637803	635874	
637786	636724	
637845	635587	
637782	636983	
637782	636049	
637801	636498	
637777	635415	
637768	635544	
637797	636315	
637789	636527	
637761	635634	
637812	636143	
637741	636940	
637755	636653	
637723	636886	
637787	637262	
637705	636721	
637798	636192	
637751	636528	
637736	636421	
637771	636949	
637709	635834	
637799	637088	
637713	636320	
637823	636116	
637766	636235	
637724	636082	
637751	636073	
637781	635294	
637815	635846	
637792	636469	
637756	636814	
637754	636653	
637822	636084	
637785	635376	
637730	636921	
637716	636327	
637823	637095	
637783	637354	
637781	636651	
637735	636158	
637753	635815	
637816	636106	
637773	636447	
637719	637262	
637755	635759	
637836	636487	
637721	636263	
637783	636716	
637692	636046	
637728	635605	
637817	635690	
637734	636078	
637712	635875	
637709	635931	
637773	636771	
637734	636955	
637797	635930	
637722	636948	
637766	636886	
637772	637065	
637803	637041	
637756	635144	
637780	635737	
637729	636763	
637773	636602	
637691	634985	
637741	636212	
637749	635299	
637732	635829	
637746	636670	
637723	635908	
637747	637936	
637710	636927	
637685	635389	
637785	635540	
637732	637311	
637726	636525	
637753	637063	
637706	635955	
637775	636080	
637702	635744	
637790	636764	
637733	636768	
637806	637587	
637710	636009	
637766	635465	
637737	635056	
637784	636524	
637697	635747	
637756	637343	
637709	636185	
637736	637335	
637731	635653	
637741	636061	
637785	637118	
637719	637165	
637698	636300	
637688	635784	
637774	635402	
637652	636411	
637760	637223	
637739	636135	
637712	636827	
637670	636544	
637774	637098	
637721	636260	
637755	636560	
637673	636736	
637790	636022	
637784	635605	
637722	637320	
637767	636520	
637665	636722	
637721	637778	
637766	636301	
637685	636522	
637638	636004	
637794	636228	
637666	636722	
637746	635790	
637674	637035	
637666	635957	
637722	636672	
637717	637017	
637694	636330	
637694	635707	
637756	635845	
637776	635545	
637753	637554	
637702	637421	
637610	636336	
637730	635782	
637763	636032	
637724	636640	
637729	637064	
637688	636162	
637673	636512	
637769	636888	
637740	636944	
637663	636478	
637711	636006	
637756	636680	
637757	637295	
637709	635409	
637719	634568	
637723	637251	
637660	636436	
637733	637079	
637724	637514	
637751	636158	
637698	636952	
637772	636523	
637658	635546	
637755	637476	
637648	637723	
637738	636336	
637746	636612	
637708	635422	
637656	636120	
637705	636508	
637696	636470	
637743	637257	
637775	637292	
637675	635071	
637758	637594	
637657	636404	
637766	637180	
637683	634611	
637717	636124	
637711	636923	
637698	635897	
637735	636380	
637693	637016	
637699	635769	
637667	636436	
637653	635634	
637700	636168	
637721	637055	
637627	636750	
637661	636486	
637708	637158	
637689	637043	
637769	637369	
637698	636673	
637723	636715	
637599	636555	
637750	637013	
637650	636664	
637723	636676	
637673	635976	
637676	635687	
637697	637549	
637652	636574	
637752	638166	
637656	635567	
637654	635673	
637764	635565	
637683	635638	
637701	636812	
637579	636502	
637702	636135	
637711	636068	
637700	636398	
637677	635708	
637707	635975	
637656	635493	
637729	637124	
637641	636642	
637717	637699	
637651	638252	
637694	636975	
637756	635686	
637749	635480	
637708	636411	
637749	635228	
637743	636878	
637658	635876	
637692	636662	
637664	636262	
637708	636087	
637739	635922	
637635	636534	
637701	635732	
637703	637088	
637682	635145	
637686	636870	
637659	636083	
637675	636638	
637683	636114	
637702	636623	
637691	637136	
637711	636018	
637695	635580	
637640	636681	
637718	637165	
637660	636101	
637727	635685	
637683	635443	
637686	637745	
637624	636664	
637631	636556	
637667	636858	
637695	635804	
637674	636551	
637650	635553	
637672	635466	
637674	636089	
637662	636135	
637678	637402	
637622	635581	
637697	636550	
637618	636803	
637676	637232	
637655	637210	
637660	635851	
637669	634599	
637719	635767	
637658	637083	
637592	636997	
637651	635798	
637689	637523	
637706	636601	
637650	635380	
637638	636835	
637635	636282	
637709	636093	
637679	636550	
637607	635600	
637652	636854	
637693	636851	
637705	636456	
637660	636352	
637662	636992	
637664	636816	
637635	636702	
637728	638083	
637685	636570	
637637	635752	
637598	635914	
637710	636288	
637724	635525	
637661	638440	
637717	636314	
637631	636628	
637645	635215	
637655	637481	
637613	636686	
637622	636147	
637653	637113	
637705	637108	
637671	637051	
637672	636401	
637632	636234	
637698	636687	
637636	635104	
637683	637362	
637657	635799	
637662	635889	
637669	636016	
637649	635821	
637653	636716	
637656	636441	
637677	636108	
637684	635436	
637641	636356	
637649	637265	
637663	636176	
637631	636966	
637713	635321	
637625	635923	
637612	636344	
637641	636857	
637656	635885	
637647	636376	
637624	636365	
637620	636128	
637673	637055	
637673	636918	
637680	636340	
637652	635990	
637644	637355	
637666	635822	
637649	634684	
637604	636440	
637643	637271	
637647	637025	
637688	637432	
637663	636417	
637681	635191	
637636	635671	
637713	637080	
637626	636022	
637652	635508	
637554	636256	
637637	636950	
637655	635759	
637645	636607	
637602	636033	
637612	636481	
637659	635419	
637656	636813	
637582	635866	
637651	636667	
637638	635598	
637648	636462	
637616	637851	
637593	637827	
637613	635664	
637650	637424	
637687	635652	
637598	637694	
637654	635876	
637656	636088	
637694	636397	
637678	636770	
637668	636347	
637587	636399	
637719	635884	
637609	635321	
637583	636927	
637670	637022	
637627	637143	
637669	636312	
637665	636199	
637612	636634	
637587	635974	
637625	635691	
637646	636517	
637646	636749	
637653	637056	
637657	636352	
637602	636013	
637676	636176	
637662	636051	

 Comment
@