Version  	 2.0
 Type  	analog
 Azimut 	180
 Exceed 	20
 Alpha  	40
 Quantity of cycles 	1000
 Quantity of strobes 	2001
 Strobe 	10
 Delay  	0
 Time begin 	17:07:29
 Time end   	17:08:19
 Data
634667	684742	
634685	686141	
634072	686526	
634780	687987	
635005	759939	
633900	701276	
632275	1690111	
652646	2364564	
637678	999895	
636780	768338	
636670	721830	
638344	696345	
635610	697056	
635003	704613	
635371	695722	
634344	693611	
634342	697877	
634516	693722	
634602	692003	
634488	691366	
634355	691722	
634974	691932	
634674	689590	
634806	691953	
634731	689987	
634668	692891	
634681	691815	
634532	692319	
634484	697494	
634396	706561	
634599	721321	
634711	740172	
635010	765469	
635276	792371	
635614	817731	
635946	839033	
636214	854324	
636336	859357	
636375	864771	
636548	867929	
636612	871232	
636569	872821	
636691	873871	
636743	873142	
636797	872025	
636810	865936	
636796	857837	
636794	849701	
636780	841265	
636812	831692	
636576	818858	
636440	804186	
636330	793633	
636259	784026	
636059	774967	
635948	768856	
635873	763465	
635820	759800	
635734	755416	
635765	752360	
635677	748963	
635697	745207	
635631	741138	
635619	738227	
635541	736839	
635371	733159	
635395	732156	
635385	730470	
635370	727677	
635247	726849	
635245	725912	
635264	723893	
635208	722668	
635228	721774	
635195	721430	
635202	720695	
635150	718943	
635190	717628	
635051	717048	
635089	714996	
635066	712946	
635020	709983	
634976	709060	
634998	709215	
634982	707594	
634952	708359	
634977	707469	
635013	705397	
634989	705490	
634945	705915	
634910	704350	
634935	703910	
634941	703444	
634976	703396	
634930	703067	
634882	701587	
634882	701501	
634882	700400	
634846	699845	
634926	699283	
634802	699035	
634899	697672	
634867	697962	
634826	697277	
634863	697223	
634812	698410	
634852	696883	
634878	694902	
634814	695453	
634782	694333	
634789	694553	
634772	694059	
634821	695657	
634778	693651	
634826	693390	
634784	693874	
634875	693241	
634752	693651	
634805	693769	
634728	693557	
634837	693704	
634744	691360	
634751	692768	
634720	692509	
634788	692502	
634835	693473	
634802	692088	
634765	691292	
634768	692559	
634713	690806	
634717	691591	
634770	691322	
634694	690474	
634751	691019	
634769	691771	
634768	692325	
634706	689945	
634787	691446	
634698	689229	
634708	690615	
634718	691432	
634731	690079	
634696	690904	
634724	690094	
634719	689889	
634683	690465	
634719	690798	
634705	689651	
634783	690392	
634667	690310	
634599	690141	
634742	689856	
634681	690809	
634780	690112	
634697	690056	
634682	688761	
634681	690830	
634736	688927	
634701	688352	
634671	689227	
634673	688787	
634742	687667	
634745	688416	
634673	688192	
634638	688737	
634704	687082	
634746	687926	
634676	687660	
634632	687725	
634615	687790	
634693	688103	
634693	688947	
634612	688039	
634662	688325	
634679	687105	
634712	687340	
634695	687521	
634604	688940	
634695	689472	
634686	689033	
634666	688216	
634609	688383	
634657	689058	
634590	687686	
634731	687720	
634629	688599	
634644	686986	
634727	687030	
634625	688248	
634686	687198	
634680	688638	
634732	686326	
634529	687917	
634717	686558	
634704	687894	
634687	687742	
634676	687205	
634623	686303	
634684	686868	
634647	686861	
634639	687327	
634650	688030	
634672	686461	
634666	688195	
634702	685931	
634590	687564	
634630	687214	
634670	686567	
634647	687111	
634643	688312	
634676	686599	
634613	687372	
634663	686210	
634630	686394	
634666	688026	
634641	688788	
634627	689012	
634687	686762	
634673	687689	
634661	686736	
634637	687306	
634651	688667	
634643	687217	
634616	686441	
634726	687065	
634595	686793	
634675	685761	
634578	687024	
634699	686917	
634603	687743	
634599	687147	
634682	687125	
634603	688256	
634580	686300	
634584	686530	
634573	687194	
634675	686941	
634620	687999	
634589	687386	
634649	686494	
634618	687269	
634616	688533	
634672	687391	
634620	688021	
634631	687182	
634604	686322	
634646	685722	
634586	687015	
634608	686736	
634637	686050	
634610	687308	
634609	687160	
634659	687517	
634560	686636	
634659	686581	
634630	686510	
634713	687785	
634684	685626	
634591	686723	
634599	686469	
634638	686809	
634637	687426	
634579	686467	
634623	687501	
634577	687558	
634627	686134	
634606	686269	
634646	685890	
634587	686810	
634663	687304	
634626	687778	
634633	687063	
634611	686494	
634605	687058	
634660	686401	
634554	687003	
634648	685706	
634624	685926	
634576	687003	
634612	686225	
634603	686747	
634715	685599	
634636	686765	
634589	685776	
634587	686888	
634625	686197	
634574	687052	
634579	686118	
634600	685225	
634620	686236	
634585	684933	
634594	686046	
634612	686973	
634526	686563	
634630	686607	
634634	686233	
634598	685658	
634630	685807	
634580	687377	
634544	686271	
634655	686369	
634615	686948	
634614	686030	
634605	686025	
634536	687572	
634567	685852	
634601	686544	
634587	687200	
634642	686563	
634538	685019	
634717	686125	
634526	687730	
634558	685797	
634654	686167	
634516	685789	
634581	686758	
634606	687419	
634578	686719	
634521	686863	
634569	684851	
634521	686142	
634622	687070	
634585	685978	
634647	687667	
634517	686163	
634507	686336	
634607	686590	
634546	685607	
634619	685848	
634535	686044	
634557	686093	
634620	685442	
634604	685959	
634584	687015	
634604	686672	
634606	686479	
634525	686871	
634550	686189	
634620	686831	
634605	686326	
634594	686938	
634580	685336	
634578	685259	
634636	685539	
634563	686129	
634524	686303	
634561	686803	
634562	686778	
634602	685355	
634612	686483	
634535	685743	
634585	686199	
634590	686083	
634518	686117	
634619	685387	
634531	684523	
634601	686331	
634531	687186	
634559	686580	
634593	687276	
634559	685353	
634562	686884	
634622	686309	
634549	687103	
634558	686203	
634610	685962	
634588	686127	
634562	686071	
634532	686763	
634549	685662	
634493	685079	
634496	684746	
634543	686586	
634534	685528	
634573	686053	
634528	686527	
634523	687113	
634600	686252	
634541	686574	
634539	685909	
634551	686716	
634559	685291	
634587	686672	
634553	684341	
634506	685544	
634558	685653	
634543	686324	
634551	686080	
634597	685744	
634481	685723	
634490	685838	
634599	685792	
634496	685141	
634531	685527	
634479	686117	
634608	686564	
634553	685357	
634595	686312	
634495	685066	
634535	685522	
634559	686230	
634554	685778	
634544	686030	
634510	684914	
634598	686170	
634565	685857	
634474	685850	
634571	686023	
634462	685427	
634551	686570	
634569	685686	
634541	686193	
634474	685547	
634513	685612	
634642	686393	
634480	685991	
634626	685887	
634458	685263	
634478	685597	
634611	685665	
634538	687280	
634527	686418	
634443	687275	
634550	685805	
634539	685928	
634506	687147	
634570	685593	
634451	685035	
634581	687130	
634543	686392	
634490	685894	
634555	686572	
634553	686131	
634526	684560	
634541	685983	
634553	686252	
634509	684562	
634551	685759	
634488	686114	
634524	684825	
634553	685372	
634508	686496	
634538	685174	
634574	685412	
634523	686110	
634511	686736	
634530	685924	
634556	686551	
634544	684942	
634544	687361	
634508	686416	
634546	685446	
634522	685555	
634632	685939	
634488	686326	
634535	686531	
634549	686675	
634566	686670	
634513	685967	
634483	686525	
634497	685307	
634586	686321	
634560	684882	
634532	685315	
634553	684935	
634543	686580	
634516	685925	
634494	686222	
634599	686133	
634520	686409	
634482	685990	
634521	686406	
634492	686280	
634552	685350	
634502	685048	
634561	685341	
634494	685271	
634472	685672	
634523	685761	
634473	685867	
634572	686250	
634505	685214	
634585	686441	
634566	685469	
634454	686400	
634494	685802	
634568	685921	
634546	686443	
634533	685520	
634583	686167	
634415	685257	
634499	685558	
634516	686338	
634524	684317	
634498	685858	
634516	686074	
634493	686082	
634514	685876	
634517	686234	
634529	684894	
634592	686823	
634535	685674	
634487	685712	
634517	685883	
634602	685574	
634549	685219	
634498	685728	
634506	685856	
634527	686336	
634546	686223	
634473	686146	
634534	685814	
634554	685800	
634519	685420	
634549	686198	
634526	685875	
634544	685412	
634466	686173	
634550	686175	
634509	685428	
634497	685821	
634577	686061	
634490	685647	
634482	686557	
634575	685385	
634502	685707	
634538	685779	
634460	685359	
634571	685024	
634452	686025	
634475	684173	
634542	685528	
634513	685130	
634555	685213	
634514	684757	
634495	685204	
634625	686298	
634535	685847	
634550	684603	
634487	686096	
634483	685469	
634579	685699	
634528	686316	
634534	685727	
634488	686772	
634543	686883	
634541	685759	
634567	686663	
634523	685384	
634543	685806	
634565	685264	
634594	685994	
634532	684967	
634509	685845	
634532	684970	
634548	685379	
634546	686098	
634530	685778	
634522	684650	
634565	685135	
634592	685928	
634488	685835	
634475	685561	
634542	686655	
634485	685932	
634566	685734	
634509	686159	
634565	686654	
634548	684604	
634494	686094	
634523	686090	
634531	685674	
634515	685528	
634573	685453	
634511	685228	
634525	685893	
634500	685637	
634521	685214	
634549	685691	
634455	685879	
634486	685822	
634638	686434	
634515	685753	
634455	685294	
634670	685034	
634634	685704	
634552	686328	
634396	686405	
634574	684379	
634476	685216	
634597	685907	
634452	684711	
634614	686679	
634556	684913	
634529	685697	
634514	685412	
634435	684040	
634501	685133	
634478	685893	
634501	684704	
634540	684538	
634538	685854	
634440	685990	
634491	686425	
634577	686007	
634554	686385	
634486	685014	
634460	687002	
634435	685837	
634493	684735	
634463	687127	
634499	684700	
634535	686245	
634527	685353	
634524	685717	
634538	684961	
634451	685241	
634525	684063	
634485	684266	
634473	685769	
634510	685091	
634412	685671	
634524	685710	
634517	685505	
634491	684591	
634433	686103	
634509	686175	
634548	686862	
634369	686142	
634531	685596	
634552	685287	
634405	685040	
634534	687039	
634448	684399	
634515	685570	
634458	685745	
634463	685036	
634481	685692	
634446	686251	
634455	686968	
634493	685177	
634492	684592	
634481	685626	
634449	684424	
634464	685975	
634463	685892	
634485	684700	
634488	685559	
634498	685658	
634463	684853	
634405	684812	
634493	685381	
634483	685095	
634538	686432	
634507	684538	
634457	686136	
634484	685043	
634477	685111	
634466	686274	
634511	685017	
634416	685362	
634457	685506	
634459	686306	
634464	685060	
634446	685344	
634474	685549	
634491	684695	
634413	687116	
634587	685865	
634462	684672	
634489	686485	
634477	684247	
634444	683939	
634505	685286	
634458	684838	
634469	686262	
634438	685043	
634515	684433	
634476	685101	
634406	686415	
634454	686619	
634464	685506	
634434	685869	
634550	685188	
634388	685113	
634495	686583	
634459	685747	
634505	684958	
634452	686379	
634473	686733	
634495	685259	
634499	685671	
634485	684773	
634411	686320	
634444	686520	
634483	687537	
634426	685959	
634524	685538	
634411	684310	
634512	685793	
634437	686001	
634530	684991	
634431	685303	
634450	686129	
634555	685901	
634436	685358	
634441	685083	
634455	685598	
634499	684467	
634515	684902	
634434	685696	
634504	686273	
634490	687396	
634511	685464	
634443	684958	
634551	685384	
634399	684431	
634442	684695	
634476	685632	
634536	684781	
634490	686895	
634449	685589	
634443	686279	
634444	684969	
634483	685788	
634530	683979	
634469	686721	
634474	685891	
634488	684750	
634433	685873	
634556	684890	
634443	685401	
634473	685939	
634420	686417	
634549	685291	
634514	686263	
634512	685640	
634447	685678	
634449	685720	
634534	684534	
634513	686365	
634447	684521	
634467	685630	
634603	685485	
634477	685009	
634431	685808	
634481	685817	
634451	685032	
634474	686369	
634498	684327	
634502	686044	
634489	685145	
634486	684883	
634533	684770	
634505	686684	
634433	685212	
634474	686071	
634465	686113	
634497	685284	
634495	686001	
634442	685911	
634446	685552	
634483	685215	
634476	687234	
634569	684575	
634483	686473	
634456	684073	
634455	686699	
634531	687091	
634552	686024	
634472	685066	
634518	685914	
634487	685744	
634429	684947	
634518	685700	
634481	684700	
634501	687063	
634449	685252	
634520	684608	
634526	686655	
634493	685740	
634466	685696	
634551	686492	
634502	685273	
634478	685389	
634478	684221	
634480	685006	
634506	684990	
634425	685402	
634504	685081	
634549	686279	
634438	684954	
634480	686128	
634494	685658	
634512	684904	
634533	687151	
634518	685773	
634410	686283	
634525	685310	
634497	685464	
634523	685656	
634505	685366	
634450	685242	
634529	686282	
634578	686348	
634466	684910	
634485	684828	
634474	687732	
634524	684467	
634417	686014	
634546	686169	
634532	685628	
634506	685605	
634529	686580	
634459	686211	
634517	685333	
634494	685147	
634536	684901	
634520	685667	
634501	685992	
634488	685771	
634533	685929	
634525	684837	
634491	687117	
634549	684665	
634578	685599	
634542	685545	
634532	685190	
634496	685833	
634507	685425	
634525	684448	
634573	685374	
634524	685553	
634461	686399	
634542	686518	
634595	684188	
634564	685590	
634494	685675	
634470	686198	
634508	684873	
634522	684834	
634551	685667	
634505	684689	
634509	686357	
634612	685817	
634508	685933	
634571	685033	
634465	685096	
634459	685368	
634565	685675	
634527	686274	
634512	685722	
634561	685839	
634586	685407	
634597	686579	
634507	685921	
634499	685873	
634574	686248	
634472	685299	
634571	685782	
634518	684892	
634562	686185	
634500	686386	
634545	685016	
634569	685480	
634550	685026	
634523	685377	
634587	684908	
634501	685910	
634559	685475	
634534	684608	
634543	685113	
634523	685270	
634489	685167	
634563	685042	
634619	686135	
634491	684712	
634564	685079	
634500	686687	
634566	685700	
634563	685807	
634567	685116	
634546	685744	
634503	686006	
634577	686534	
634543	686056	
634479	686512	
634525	685447	
634578	686928	
634583	684897	
634494	685795	
634624	685348	
634540	684621	
634579	685951	
634569	685245	
634532	686629	
634594	685248	
634570	684364	
634639	686015	
634536	684946	
634543	684948	
634547	686062	
634591	685385	
634582	684684	
634587	686011	
634484	684376	
634532	684770	
634626	685234	
634478	686585	
634621	685006	
634539	685950	
634578	686322	
634565	684963	
634548	687335	
634591	686177	
634515	685282	
634678	685055	
634539	685571	
634563	687243	
634595	686200	
634615	684693	
634605	685174	
634602	686086	
634522	686114	
634605	685364	
634577	686083	
634635	685942	
634638	685330	
634570	685459	
634571	685483	
634552	686739	
634673	685240	
634558	685527	
634606	685786	
634591	685382	
634505	685977	
634651	685287	
634639	686377	
634593	685907	
634556	685067	
634602	687230	
634606	686554	
634463	685844	
634618	685846	
634561	685706	
634596	686203	
634557	685316	
634513	685306	
634615	686210	
634558	685915	
634486	685498	
634673	685218	
634648	684444	
634540	685944	
634561	685184	
634667	686646	
634534	685946	
634541	686228	
634577	686548	
634614	685450	
634562	684782	
634639	684708	
634599	684441	
634608	687059	
634495	685278	
634557	685559	
634638	686896	
634564	685052	
634650	685859	
634622	685437	
634551	685906	
634619	685828	
634572	685232	
634658	685040	
634615	686126	
634528	685465	
634633	684218	
634615	685901	
634558	686169	
634622	684986	
634628	684421	
634538	685799	
634515	685151	
634667	686320	
634616	684720	
634579	684862	
634720	685815	
634544	685780	
634654	686008	
634661	686448	
634625	684760	
634570	685539	
634656	685107	
634625	685560	
634614	685946	
634625	685601	
634638	684983	
634674	686102	
634604	685540	
634543	685139	
634599	685818	
634619	685683	
634583	685536	
634680	685497	
634649	684301	
634621	685919	
634608	685147	
634569	685509	
634668	685532	
634559	684884	
634697	684628	
634624	685020	
634640	685720	
634596	685376	
634620	685521	
634674	685074	
634680	685653	
634607	684552	
634664	684973	
634544	685755	
634734	685467	
634639	684509	
634609	684616	
634630	685327	
634564	686466	
634691	684488	
634580	684505	
634578	684609	
634619	685269	
634618	686181	
634604	685775	
634624	686010	
634566	684984	
634615	684001	
634669	686314	
634569	684457	
634655	684994	
634577	685102	
634628	685489	
634737	685260	
634617	685815	
634651	685245	
634605	685081	
634694	684942	
634577	684289	
634617	684881	
634647	685460	
634645	685174	
634681	686164	
634683	684629	
634666	684366	
634649	684798	
634563	685359	
634686	685286	
634616	685477	
634657	684901	
634637	684513	
634591	684082	
634674	685176	
634589	685309	
634666	686099	
634638	685824	
634637	685364	
634653	685583	
634618	685788	
634644	685267	
634597	685838	
634660	684824	
634682	685490	
634608	685748	
634653	684495	
634643	685968	
634651	685842	
634646	686145	
634706	685130	
634627	684506	
634645	686181	
634664	684586	
634748	685085	
634579	685152	
634664	686292	
634622	684947	
634684	684828	
634679	685849	
634655	685192	
634619	684776	
634703	684871	
634642	685803	
634658	685437	
634667	684385	
634653	685096	
634641	684143	
634599	685168	
634577	685894	
634678	685292	
634653	685197	
634722	685276	
634665	685564	
634643	684997	
634712	685198	
634639	685085	
634633	684230	
634648	684510	
634628	683807	
634642	685749	
634639	685349	
634611	684783	
634696	684386	
634610	685499	
634710	684720	
634661	684960	
634568	686012	
634680	685142	
634651	685476	
634730	685781	
634628	684204	
634678	685409	
634606	685504	
634697	686540	
634589	685428	
634681	684108	
634700	685983	
634686	684082	
634653	684374	
634733	686055	
634566	685667	
634641	684576	
634683	686077	
634736	684874	
634636	686119	
634644	685780	
634651	685338	
634718	683814	
634725	685099	
634629	684531	
634625	685475	
634719	686136	
634667	684376	
634770	686077	
634674	685795	
634745	685160	
634665	685588	
634640	685415	
634658	685248	
634634	685288	
634692	684848	
634665	684624	
634771	685201	
634684	684067	
634619	685920	
634673	685137	
634729	686154	
634777	683114	
634697	684856	
634617	686219	
634673	685588	
634776	684621	
634704	686537	
634705	684919	
634673	686102	
634758	685148	
634661	685222	
634716	685815	
634693	684335	
634626	685555	
634745	685204	
634677	684646	
634698	685158	
634737	684292	
634702	685959	
634772	684339	
634689	684747	
634777	684865	
634694	684500	
634764	685466	
634630	684527	
634769	685255	
634704	686719	
634692	685242	
634754	684826	
634758	685704	
634676	685465	
634659	686270	
634663	686393	
634825	685600	
634642	683896	
634808	684920	
634718	686259	
634738	685397	
634766	685964	
634762	685228	
634744	685788	
634693	685409	
634760	684309	
634730	686616	
634752	685601	
634674	685456	
634773	686480	
634683	685999	
634759	685527	
634708	684777	
634740	685359	
634734	685182	
634776	685211	
634780	685042	
634739	685872	
634700	685796	
634708	685021	
634787	686065	
634769	685549	
634679	685619	
634715	685065	
634713	685298	
634741	685453	
634749	684666	
634760	685941	
634761	685244	
634721	684879	
634830	685825	
634726	685103	
634706	685945	
634801	686200	
634796	684891	
634759	684231	
634747	685745	
634709	685392	
634740	685549	
634775	685979	
634718	686650	
634744	684649	
634712	684479	
634811	686252	
634736	685424	
634718	686304	
634719	685895	
634777	685439	
634830	685770	
634744	684438	
634761	684523	
634695	684430	
634689	685909	
634777	684581	
634821	686454	
634746	685175	
634710	684722	
634675	686342	
634783	685754	
634732	686013	
634813	685834	
634794	685023	
634744	685714	
634724	686774	
634775	684370	
634740	686082	
634732	684709	
634732	685115	
634832	685714	
634755	684345	
634783	685219	
634790	686045	
634789	685195	
634776	686485	
634777	684888	
634712	686464	
634744	686052	
634755	686598	
634814	685658	
634747	685314	
634810	685042	
634734	685909	
634707	685324	
634769	684258	
634824	685336	
634749	684987	
634717	684227	
634837	685503	
634744	685997	
634778	684869	
634855	685097	
634775	684283	
634843	684772	
634798	685775	
634749	685900	
634894	684899	
634668	685158	
634797	685279	
634731	685865	
634739	684350	
634799	684425	
634847	686234	
634741	685387	
634720	685252	
634778	685845	
634791	685741	
634710	684483	
634811	684951	
634732	686440	
634767	685622	
634729	686017	
634804	685937	
634783	684602	
634814	685006	
634742	685966	
634759	685334	
634703	685506	
634820	686604	
634848	686518	
634758	684017	
634818	686138	
634797	685680	
634748	686470	
634784	685374	
634756	685129	
634758	684698	
634792	685678	
634734	686444	
634836	685367	
634781	684964	
634843	685667	
634847	684072	
634720	685027	
634858	686661	
634735	686091	
634723	685340	
634856	685315	
634826	685805	
634763	685740	
634788	685905	
634820	686720	
634808	684997	
634819	685375	
634776	684601	
634762	685414	
634778	685810	
634760	684631	
634779	685735	
634713	685494	
634699	686441	
634719	685213	
634842	684678	
634814	685946	
634770	685455	
634808	685588	
634826	686471	
634845	684332	
634787	685791	
634749	685861	
634745	684823	
634806	685866	
634808	683787	
634791	685823	
634730	685933	
634754	684608	
634828	684947	
634812	684212	
634774	684172	
634654	685187	
634827	684390	
634773	684049	
634769	685498	
634852	685107	
634715	685269	
634875	684639	
634833	686589	
634757	685235	
634755	685183	
634758	685229	
634796	686504	
634728	686008	
634740	685745	
634755	685495	
634778	684186	
634811	685359	
634755	684532	
634718	685363	
634826	685463	
634693	685958	
634835	684870	
634721	686416	
634824	685434	
634723	684272	
634798	686919	
634743	684336	
634771	687249	
634754	684908	
634762	685987	
634863	685172	
634808	684846	
634750	685107	
634782	685169	
634766	685757	
634828	685173	
634743	686150	
634795	686107	
634782	685741	
634839	686054	
634800	685222	
634769	686515	
634676	685230	
634802	686691	
634765	685268	
634776	685449	
634778	684766	
634817	684753	
634729	685821	
634843	685206	
634806	685271	
634714	685357	
634768	684667	
634794	685381	
634796	686104	
634735	686003	
634813	684576	
634785	685083	
634753	686885	
634784	685115	
634776	686279	
634851	685290	
634761	685196	
634815	685857	
634801	685241	
634771	685013	
634780	684801	
634767	686146	
634807	685887	
634772	685994	
634765	685659	
634791	684819	
634777	685332	
634699	686410	
634809	684499	
634776	684980	
634773	685942	
634745	685480	
634804	684828	
634793	684811	
634855	684543	
634703	685517	
634852	684648	
634704	685863	
634720	685107	
634764	685567	
634778	685472	
634760	685584	
634746	684847	
634846	684840	
634717	685582	
634725	684179	
634767	685433	
634761	685273	
634742	685201	
634870	685863	
634778	685596	
634789	684516	
634711	685879	
634818	685830	
634773	684726	
634709	685690	
634785	685755	
634772	686084	
634870	684965	
634751	685048	
634768	684800	
634762	685474	
634785	684931	
634827	685673	
634750	685821	
634794	685245	
634839	684428	
634705	684844	
634769	685051	
634725	685415	
634823	684868	
634737	684621	
634790	684466	
634754	685062	
634852	685812	
634750	686794	
634784	683823	
634701	684862	
634813	685601	
634727	684475	
634769	684498	
634733	684602	
634784	685071	
634796	684925	
634704	684296	
634761	685208	
634760	686056	
634756	685589	
634813	684819	
634778	686079	
634767	684281	
634724	684578	
634787	686021	
634723	686263	
634735	684354	
634779	685335	
634789	685467	
634702	684950	
634770	684174	
634776	685421	
634765	686264	
634727	685779	
634781	684132	
634752	685175	
634748	684862	
634704	685984	
634836	685688	
634783	685429	
634714	684684	
634800	684612	
634791	685839	
634828	685582	
634738	685343	
634734	685449	
634731	685350	
634698	685235	
634769	686553	
634760	686129	
634776	683982	
634792	686128	
634785	684886	
634811	685472	
634732	686186	
634764	684663	
634749	685241	
634798	685671	
634754	684445	
634749	685547	
634813	684038	
634754	684898	
634746	683548	
634781	686522	
634752	684866	
634765	685672	
634794	685551	
634785	684291	
634684	685681	
634800	685086	
634769	685486	
634793	684957	
634783	684649	
634762	684655	
634761	685059	
634651	684974	
634797	685730	
634771	684626	
634807	684114	
634816	685177	
634745	685278	
634800	685966	
634671	685945	
634779	685881	
634812	684668	
634711	686619	
634707	684850	
634751	684050	
634755	685753	
634705	685798	
634715	685924	
634824	685725	
634727	685718	
634770	686179	
634808	685051	
634821	685388	
634763	684090	
634755	686216	
634810	685814	
634768	684390	
634736	684299	
634800	684766	
634691	685370	
634732	684934	
634742	684331	
634764	684707	
634739	686766	
634792	684977	
634733	686352	
634784	685011	
634773	683939	
634696	684282	
634773	684460	
634660	686253	
634792	685935	
634791	685928	
634750	686906	
634741	685290	
634709	684283	
634760	686576	
634732	685471	
634721	685093	
634831	685854	
634690	685470	
634697	685070	
634770	685834	
634669	685097	
634753	684947	
634767	685245	
634825	684204	
634716	685729	
634703	685485	
634717	684568	
634768	685769	
634742	685401	
634700	685279	
634713	685671	
634810	684311	
634725	685610	
634712	685626	
634716	685158	
634749	685221	
634725	684381	
634741	685636	
634688	684498	
634627	685910	
634753	685863	
634788	684681	
634739	685844	
634718	685679	
634705	682691	
634763	685398	
634789	685529	
634578	684617	
634788	684806	
634680	686374	
634794	685221	
634760	685312	
634748	685407	
634692	685807	
634804	685253	
634760	685722	
634663	684796	
634710	686354	
634709	685499	
634815	686104	
634684	685558	
634664	684875	
634712	684914	
634759	685579	
634754	684737	
634671	685647	
634779	685564	
634674	684945	
634720	686772	
634706	684546	
634722	685677	
634709	685504	
634681	684092	
634807	685791	
634715	685435	
634779	685346	
634697	685755	
634723	687093	
634765	685224	
634675	685184	
634790	685677	
634646	686056	
634698	684269	
634769	684448	
634744	687062	
634715	686208	
634734	685286	
634740	685795	
634737	685039	
634668	685216	
634751	685408	
634676	685430	
634829	685871	
634673	684968	
634738	685124	
634662	685888	
634664	684743	
634701	685302	
634692	684943	
634673	685323	
634697	684405	
634716	684437	
634657	685692	
634676	684343	
634748	686738	
634691	684520	
634684	685139	
634708	686137	
634689	686847	
634706	685679	
634719	685086	
634760	685897	
634644	686055	
634698	684783	
634735	684260	
634714	686907	
634666	683391	
634688	685365	
634710	685655	
634637	685454	
634720	684926	
634719	685050	
634703	685267	
634654	686842	
634668	685670	
634682	685610	
634731	686166	
634654	684643	
634770	685812	
634718	685245	
634698	685466	
634688	686191	
634632	686424	
634671	685647	
634713	685502	
634705	684470	
634716	685160	
634636	685048	
634654	685602	
634777	685433	
634674	685434	
634635	686256	
634685	684918	
634645	684061	
634771	685581	
634641	684717	
634660	685260	
634661	685782	
634724	685256	
634714	684593	
634700	685952	
634697	683681	
634740	685269	
634740	685586	
634639	684570	
634730	684768	
634670	684784	
634707	684970	
634621	685425	
634683	683913	
634688	684902	
634672	684448	
634675	685942	
634621	684415	
634740	685369	
634669	687117	
634666	685573	
634737	686043	
634741	685681	
634681	684139	
634646	684647	
634697	683974	
634596	685963	
634663	685338	
634533	686303	
634707	686419	
634669	686480	
634735	686273	
634675	685572	
634644	684780	
634673	685771	
634702	685279	
634649	684466	
634642	685616	
634695	685567	
634668	685374	
634669	686362	
634603	684924	
634713	685948	
634666	685041	
634696	686030	
634663	685770	
634690	684270	
634674	685197	
634710	684550	
634552	684351	
634641	686425	
634631	685055	
634623	684674	
634668	685883	
634620	684435	
634635	685307	
634691	684518	
634667	685524	
634654	684765	
634652	684219	
634664	685292	
634710	684704	
634616	685012	
634648	684117	
634637	685810	
634640	684962	
634647	684491	
634706	686244	
634639	685080	
634610	685715	
634617	684122	
634695	684127	
634692	685876	
634684	685645	
634591	685079	
634661	685779	
634655	684770	
634631	685579	
634657	684948	
634603	685250	
634668	685750	
634672	684488	
634601	684578	
634623	684551	
634639	686077	
634690	685908	
634653	684707	
634600	685524	
634669	684147	
634625	685475	
634576	684594	
634685	685788	
634601	684513	
634617	683996	
634675	685890	
634658	683928	
634619	685295	
634555	685681	
634670	684527	
634694	685979	
634536	685130	
634672	685039	
634659	685735	
634632	685598	
634678	685939	
634589	686009	
634675	685451	
634639	685579	
634649	685010	
634637	684659	
634575	684884	
634584	685389	
634532	684743	
634631	685870	
634690	684399	
634628	684537	
634603	686992	
634675	686237	
634580	686410	
634719	684707	
634655	685321	
634616	685222	
634580	684385	
634655	683503	
634631	684821	
634625	685365	
634679	684283	
634626	685330	
634539	685800	
634629	683923	
634604	685122	
634634	685216	
634622	686218	
634611	684886	
634606	684596	
634629	685196	
634557	686197	
634638	685636	
634689	684415	
634584	684889	
634634	685470	
634583	685432	
634667	685328	
634706	685891	
634618	685387	
634555	686217	
634687	685085	
634584	686291	
634668	684640	
634585	686834	
634589	685368	
634626	684905	
634643	683590	
634607	685075	
634579	685419	
634527	685135	
634621	685833	
634598	684974	
634586	685140	
634608	685946	
634634	685182	
634580	685070	
634595	685324	
634658	683907	
634626	685926	
634567	684682	
634618	686428	
634666	685912	
634595	683670	
634654	685914	
634690	685726	
634588	685549	
634638	685388	
634621	684783	
634561	684715	
634544	685310	
634571	685663	
634590	684411	
634691	685246	
634635	685756	
634615	685645	
634662	686368	
634609	684829	
634573	685376	
634607	686143	
634593	685267	
634642	685589	
634587	685999	
634607	684222	
634626	685789	
634598	684232	
634557	684241	
634613	685333	
634576	684429	
634592	685341	
634642	685119	
634605	686291	
634548	685365	
634580	684358	
634635	685039	
634574	684761	
634674	684811	
634608	685446	
634580	685436	
634581	686303	
634584	684627	
634646	685019	
634632	685646	
634585	685176	
634586	685082	
634567	687240	
634597	684726	
634631	684587	
634661	685695	
634619	686311	
634570	685633	
634618	685321	
634568	685659	
634641	684534	
634584	685758	
634581	685293	
634637	684842	
634525	686011	
634536	686339	
634556	684620	
634616	685681	
634626	684987	
634577	685797	
634624	685195	
634578	684395	
634662	684169	
634574	683797	
634560	685590	
634600	685249	
634598	685940	
634590	684155	
634573	684428	
634674	685165	
634551	683772	
634550	686111	
634609	685901	
634614	684946	
634701	686622	
634567	684855	
634631	684989	
634644	684631	
634525	686058	
634596	686688	
634558	686103	
634628	684911	
634587	684192	
634653	684656	
634569	685761	
634556	684819	
634542	685987	
634578	685276	
634644	685677	
634593	685617	
634573	685509	
634609	685747	
634606	684904	
634572	684628	
634567	685453	
634543	684682	
634562	686732	
634651	685362	
634588	684492	
634605	685145	
634549	685856	
634671	685418	
634622	684741	
634628	684053	
634580	685630	
634619	685947	
634600	684787	
634598	684760	
634603	684213	
634583	684669	
634602	685123	

 Comment
@