Version  	 2.0
 Type  	analog
 Azimut 	180
 Exceed 	20
 Alpha  	40
 Quantity of cycles 	1000
 Quantity of strobes 	2001
 Strobe 	10
 Delay  	0
 Time begin 	17:10:14
 Time end   	17:11:04
 Data
634410	685466	
634490	684629	
633928	685844	
634668	687740	
634812	760844	
633760	699790	
636902	1783392	
664234	2411737	
645822	1337537	
640478	817613	
638739	741834	
640362	710214	
637716	702062	
636320	707751	
636001	702709	
634887	696358	
634441	698566	
634292	694295	
634311	691196	
634206	691186	
634189	690889	
634851	691361	
634803	691293	
634798	691282	
634733	691157	
634623	692646	
634640	691450	
634372	692628	
634216	692864	
634122	696880	
634263	705111	
634245	716101	
634601	734414	
634818	756461	
635256	779460	
635599	800962	
635798	817831	
635847	829025	
636001	839888	
636100	845502	
636235	850993	
636118	854574	
636181	856250	
636186	853720	
636360	851950	
636412	848501	
636440	841014	
636431	831677	
636432	823839	
636477	813467	
636370	803129	
636290	794127	
636094	785104	
635941	775893	
635802	770105	
635745	764139	
635636	760457	
635582	757130	
635590	756017	
635576	752518	
635579	749117	
635577	747328	
635501	744831	
635441	741743	
635407	737581	
635342	734099	
635263	731644	
635163	730836	
635199	728191	
635198	727149	
635136	724206	
635144	723284	
635075	724688	
635099	722589	
635142	720684	
635046	720596	
635050	720624	
635011	719096	
634984	717565	
634964	715936	
634877	716171	
634849	714963	
634896	711060	
634863	708803	
634845	707246	
634851	706456	
634802	705882	
634965	705171	
634884	704644	
634856	704663	
634772	704807	
634865	703137	
634755	703425	
634769	702970	
634767	702329	
634692	702416	
634755	703084	
634753	701581	
634742	702177	
634727	700354	
634720	699603	
634803	698142	
634696	697729	
634701	696584	
634606	696683	
634660	695653	
634632	696261	
634764	695242	
634707	696324	
634664	694977	
634675	694886	
634691	694460	
634648	693471	
634645	693443	
634721	694826	
634659	693139	
634687	694287	
634637	692497	
634692	692387	
634642	693393	
634647	692923	
634606	692544	
634616	692028	
634606	691997	
634571	690759	
634610	692441	
634582	691878	
634609	690014	
634676	691506	
634671	691405	
634614	691414	
634595	691888	
634603	691019	
634633	690985	
634618	691050	
634597	689556	
634598	689743	
634609	690049	
634604	691229	
634593	690330	
634587	690308	
634615	691139	
634631	690459	
634598	690131	
634579	689912	
634587	689986	
634524	689755	
634660	690560	
634584	689056	
634557	688067	
634557	689226	
634602	690431	
634593	690550	
634580	689096	
634621	689947	
634548	688107	
634527	688457	
634569	687954	
634549	688800	
634530	688423	
634541	688600	
634577	688238	
634559	688541	
634612	688056	
634584	687880	
634544	687875	
634569	687157	
634558	688093	
634597	686906	
634578	688257	
634576	687509	
634563	686876	
634610	687038	
634475	688078	
634500	687180	
634569	687617	
634546	686287	
634604	688012	
634536	687482	
634523	686653	
634613	686811	
634559	685874	
634489	687582	
634585	686115	
634481	686753	
634634	688246	
634562	686949	
634530	686011	
634512	687151	
634492	685710	
634590	686698	
634627	686414	
634491	684731	
634481	686150	
634529	687803	
634453	687104	
634559	687297	
634549	686293	
634537	686982	
634446	686552	
634525	686959	
634441	685348	
634528	684969	
634532	687074	
634484	686027	
634576	688101	
634497	687330	
634595	687382	
634559	685734	
634472	685771	
634476	686451	
634571	686647	
634562	686177	
634439	686402	
634600	686725	
634505	684980	
634476	686095	
634502	685898	
634515	686084	
634484	686565	
634478	685885	
634511	685405	
634407	685727	
634470	684955	
634447	686137	
634544	685783	
634459	685390	
634575	685279	
634429	686393	
634495	686709	
634472	686633	
634497	685322	
634549	686530	
634542	686743	
634375	685911	
634602	686675	
634485	686902	
634507	686115	
634536	685813	
634474	686059	
634456	686024	
634561	685248	
634469	685854	
634522	685162	
634461	686157	
634529	685570	
634481	686149	
634472	685895	
634498	685994	
634584	685403	
634568	685704	
634484	685322	
634468	685673	
634570	685849	
634522	686120	
634529	684782	
634490	686193	
634444	685543	
634511	685226	
634522	686441	
634465	685662	
634488	686146	
634434	685194	
634480	685869	
634498	687430	
634453	686997	
634436	685555	
634519	685109	
634523	685245	
634455	684718	
634443	685767	
634544	684768	
634453	685764	
634540	685746	
634487	684804	
634430	687219	
634416	685373	
634480	686572	
634429	685160	
634472	684679	
634449	685564	
634453	685034	
634452	685246	
634486	686239	
634450	685812	
634466	684195	
634548	685632	
634412	684907	
634450	685189	
634507	685939	
634417	685412	
634420	685111	
634547	685952	
634426	685555	
634507	685762	
634514	686165	
634435	684409	
634376	685919	
634424	684297	
634459	686174	
634358	685756	
634425	684625	
634430	684977	
634528	685479	
634467	684120	
634527	684490	
634456	685536	
634428	684530	
634481	685618	
634451	685602	
634476	685719	
634440	685693	
634429	685902	
634478	685094	
634412	686303	
634452	685153	
634413	685206	
634407	685872	
634448	683395	
634395	685411	
634462	685435	
634372	684962	
634415	683859	
634506	685022	
634394	685461	
634438	685419	
634417	684971	
634443	685241	
634405	684946	
634492	686256	
634356	685252	
634503	685321	
634433	683942	
634434	684160	
634415	685839	
634421	685546	
634384	685057	
634497	685417	
634460	686840	
634333	685747	
634349	684364	
634521	685110	
634413	684720	
634465	685001	
634339	685448	
634451	685498	
634434	685454	
634483	684704	
634401	684660	
634435	684025	
634417	685006	
634376	685203	
634370	685108	
634362	684950	
634420	685871	
634437	685800	
634423	685327	
634381	685176	
634369	684496	
634554	686444	
634400	684906	
634373	685231	
634443	684482	
634477	685784	
634384	685682	
634420	684700	
634400	683759	
634443	685377	
634311	685191	
634436	686537	
634427	685258	
634341	684665	
634437	684387	
634432	685562	
634380	686024	
634435	685203	
634378	685921	
634453	685563	
634388	685633	
634420	685014	
634381	685161	
634345	684754	
634416	684542	
634403	685881	
634389	684470	
634372	685333	
634425	684534	
634432	684668	
634392	684572	
634368	684479	
634316	684691	
634396	683803	
634406	684656	
634400	684575	
634380	684830	
634352	685056	
634438	684983	
634458	684501	
634413	684872	
634346	685043	
634335	685871	
634481	685658	
634403	684661	
634367	684230	
634336	685046	
634360	684864	
634413	684271	
634429	685304	
634305	684948	
634342	684430	
634377	686265	
634436	685473	
634344	684973	
634289	684636	
634321	685439	
634404	683617	
634314	685124	
634339	684439	
634340	684120	
634398	685083	
634412	683627	
634389	684482	
634396	684744	
634339	685925	
634414	684240	
634375	685034	
634444	685055	
634357	685110	
634350	684175	
634394	685178	
634395	684189	
634342	685484	
634400	683676	
634385	685007	
634349	684072	
634390	684542	
634413	684937	
634371	684226	
634283	683715	
634434	685512	
634388	683708	
634311	684802	
634391	685760	
634465	685724	
634350	685541	
634398	684589	
634361	684527	
634389	684364	
634408	684896	
634356	684764	
634301	684826	
634427	685070	
634302	685072	
634393	684331	
634355	686021	
634351	684927	
634371	685222	
634484	684996	
634368	684875	
634357	685581	
634324	683992	
634371	684371	
634442	685870	
634304	685203	
634382	683578	
634309	684993	
634436	685780	
634361	685795	
634396	684704	
634344	685099	
634335	687020	
634378	683463	
634405	684497	
634338	684943	
634315	685614	
634400	683694	
634394	684914	
634356	684879	
634348	685257	
634289	684517	
634436	684691	
634368	684159	
634372	684899	
634404	684398	
634279	684156	
634403	685909	
634406	685184	
634357	685923	
634354	685297	
634369	684468	
634361	685065	
634320	685523	
634343	684097	
634361	685387	
634348	684932	
634371	685306	
634453	684735	
634378	684788	
634333	684974	
634384	685482	
634384	684792	
634396	684284	
634372	683747	
634349	685562	
634354	684255	
634413	685511	
634417	683541	
634348	683873	
634390	684398	
634331	683560	
634424	684660	
634470	684739	
634300	684779	
634354	684875	
634443	685048	
634364	685145	
634419	685331	
634433	683562	
634357	685250	
634316	685472	
634372	684180	
634384	684840	
634370	685382	
634385	684469	
634440	683799	
634357	684058	
634402	683541	
634352	684630	
634381	685031	
634382	684482	
634352	684788	
634410	684420	
634434	684215	
634304	685369	
634389	683962	
634422	683834	
634423	685027	
634334	685506	
634332	684049	
634415	684932	
634414	684510	
634423	684256	
634386	684898	
634317	685033	
634417	684784	
634416	685340	
634359	683247	
634392	684319	
634384	683565	
634360	684455	
634396	684388	
634355	685583	
634353	684359	
634494	684121	
634340	685533	
634435	684854	
634327	684591	
634450	684907	
634379	683890	
634393	683527	
634347	684693	
634448	684724	
634296	684961	
634413	685823	
634422	685507	
634312	684446	
634374	685124	
634430	685100	
634382	684567	
634401	684232	
634353	685081	
634416	685417	
634360	684224	
634383	685221	
634393	684776	
634321	684185	
634444	682536	
634373	686136	
634417	684321	
634364	685151	
634358	684508	
634370	684158	
634401	683113	
634391	683472	
634506	683797	
634496	683656	
634319	685720	
634290	683477	
634361	684512	
634426	686090	
634340	684752	
634376	685382	
634413	684325	
634415	684646	
634316	685401	
634303	684132	
634293	684271	
634366	684048	
634396	684896	
634328	685132	
634448	683560	
634316	683775	
634391	685370	
634270	684048	
634374	684708	
634294	684084	
634382	684558	
634374	684311	
634340	684682	
634337	684728	
634288	684132	
634340	684601	
634425	685528	
634360	684061	
634263	685028	
634328	683933	
634338	684800	
634412	683831	
634297	684375	
634327	684638	
634315	683921	
634392	683653	
634280	684833	
634295	684448	
634329	684705	
634379	684652	
634247	684994	
634320	684124	
634242	684863	
634334	683316	
634293	684693	
634359	685561	
634343	684367	
634299	685078	
634307	684315	
634356	684772	
634313	684743	
634335	685051	
634310	684158	
634319	686163	
634387	683989	
634352	684269	
634326	683831	
634260	685747	
634243	684278	
634347	684103	
634276	684201	
634341	684929	
634284	684161	
634313	684732	
634348	684060	
634281	683312	
634272	684370	
634333	682884	
634287	684609	
634341	685050	
634300	685298	
634331	684552	
634306	685480	
634323	685381	
634318	683143	
634281	684761	
634294	683806	
634337	684419	
634292	684210	
634327	684605	
634314	684959	
634231	685023	
634315	684405	
634303	685448	
634322	683857	
634309	684026	
634284	684011	
634341	684538	
634342	685041	
634239	685351	
634341	684649	
634342	684484	
634349	684522	
634303	685524	
634351	684537	
634291	683947	
634403	682941	
634248	684443	
634308	684820	
634381	685043	
634327	684069	
634402	683971	
634275	684120	
634290	684218	
634382	684114	
634302	683730	
634336	684552	
634237	684137	
634335	685586	
634311	682705	
634298	684683	
634359	684302	
634285	684869	
634354	683690	
634306	684002	
634317	685258	
634340	685298	
634250	685998	
634315	684614	
634328	685023	
634286	682917	
634293	684203	
634352	683926	
634301	683869	
634337	684821	
634250	683806	
634395	684369	
634274	684166	
634289	684246	
634340	684928	
634273	683921	
634283	685578	
634267	684595	
634317	685410	
634363	684286	
634263	683889	
634293	684489	
634325	684924	
634298	684462	
634248	684842	
634334	685050	
634307	685744	
634378	683568	
634317	685073	
634338	684102	
634247	684636	
634375	684889	
634366	685327	
634270	684523	
634346	685485	
634289	683851	
634356	684675	
634325	684908	
634264	684942	
634303	684117	
634268	683651	
634327	684629	
634344	684193	
634295	683738	
634302	683586	
634301	684047	
634359	684471	
634349	684880	
634311	684898	
634226	683472	
634330	684576	
634260	684237	
634291	685637	
634334	685147	
634362	684125	
634365	683882	
634307	684788	
634303	684046	
634278	684662	
634345	684563	
634341	683315	
634310	685312	
634295	683879	
634340	684367	
634301	685458	
634291	684781	
634309	684599	
634422	684325	
634285	684826	
634369	684365	
634240	684791	
634422	683738	
634321	684576	
634329	685803	
634325	684435	
634324	684849	
634308	684680	
634282	684819	
634350	684912	
634267	684425	
634360	683783	
634347	684567	
634278	683744	
634317	684016	
634291	684053	
634356	683859	
634274	684607	
634297	684490	
634318	684235	
634377	683712	
634299	684296	
634324	684683	
634292	684291	
634320	684462	
634361	684264	
634308	684639	
634348	683101	
634327	684353	
634320	684289	
634368	685074	
634257	683792	
634356	683840	
634281	683947	
634321	685994	
634339	684819	
634324	683788	
634389	683918	
634403	683766	
634287	685159	
634320	685463	
634303	685325	
634360	683818	
634362	684605	
634331	683412	
634354	684979	
634328	683615	
634310	684153	
634303	683534	
634328	685550	
634379	685264	
634256	684523	
634445	683216	
634354	684578	
634275	685750	
634384	684233	
634338	684305	
634405	683675	
634329	683497	
634394	683300	
634299	684346	
634322	684149	
634301	683827	
634402	685061	
634362	684219	
634355	684217	
634378	684826	
634310	683031	
634368	685214	
634410	684575	
634434	683512	
634364	683912	
634392	684218	
634278	684544	
634386	684327	
634314	685221	
634347	685537	
634427	684807	
634423	683881	
634409	683775	
634390	684452	
634258	684429	
634483	683840	
634370	684868	
634445	684105	
634330	683537	
634458	684245	
634472	685465	
634417	683294	
634332	685034	
634431	684901	
634386	684430	
634451	684737	
634319	686040	
634370	684534	
634340	683909	
634396	683619	
634365	686061	
634422	683923	
634326	683595	
634380	684926	
634396	683415	
634362	684220	
634389	687050	
634355	684920	
634413	684744	
634450	684628	
634317	684367	
634406	685022	
634333	684519	
634449	683929	
634420	683351	
634433	683610	
634367	684738	
634359	683848	
634450	684673	
634364	683511	
634361	683618	
634389	683640	
634424	684660	
634409	685069	
634354	684344	
634301	683230	
634471	684441	
634432	684169	
634468	685274	
634365	683822	
634451	684481	
634361	683230	
634387	683819	
634405	684623	
634377	685042	
634390	685244	
634507	684069	
634410	682461	
634387	683286	
634350	684523	
634425	683409	
634461	683838	
634396	683754	
634455	684024	
634421	684224	
634401	685058	
634442	684175	
634360	685100	
634441	683932	
634418	684064	
634429	683533	
634524	683281	
634326	685193	
634419	685251	
634428	683831	
634508	684581	
634403	685235	
634363	684212	
634457	684149	
634494	684382	
634398	683948	
634463	684563	
634363	684993	
634437	684061	
634386	684223	
634440	684972	
634426	685395	
634381	684527	
634506	684237	
634488	685756	
634475	684358	
634423	684352	
634504	684992	
634374	684620	
634464	684714	
634459	683888	
634504	684478	
634438	684747	
634512	684995	
634447	684001	
634395	684150	
634356	684244	
634452	683981	
634400	683707	
634409	684155	
634492	684294	
634319	685170	
634502	683415	
634463	684353	
634428	684809	
634425	684017	
634404	685601	
634472	684328	
634484	684462	
634436	683583	
634448	684835	
634391	685482	
634475	683374	
634472	684526	
634394	684044	
634489	682792	
634445	684386	
634455	685213	
634511	682885	
634422	683533	
634383	684546	
634439	684491	
634530	684297	
634430	683089	
634503	684533	
634382	684089	
634478	684488	
634473	684118	
634426	683925	
634534	683684	
634416	684951	
634402	684990	
634518	684322	
634459	684074	
634401	683517	
634457	684070	
634471	683676	
634507	683288	
634428	684312	
634420	683846	
634431	685188	
634553	683670	
634468	684190	
634503	683733	
634424	682510	
634494	683422	
634457	684555	
634501	684239	
634459	683945	
634463	683411	
634463	684726	
634467	685605	
634507	684314	
634507	685309	
634543	684964	
634370	683609	
634418	685015	
634518	684358	
634499	683710	
634489	683620	
634481	684588	
634464	683686	
634516	684215	
634442	684892	
634467	683548	
634425	682987	
634440	684396	
634456	685356	
634596	684061	
634382	683788	
634444	685889	
634489	684728	
634451	685258	
634464	683483	
634468	683939	
634482	683009	
634456	684756	
634507	684179	
634443	684810	
634507	684016	
634470	684555	
634432	684179	
634539	683263	
634489	683309	
634443	684127	
634493	683989	
634487	683819	
634460	683978	
634478	684131	
634471	684122	
634473	684189	
634436	685519	
634496	683927	
634474	685200	
634543	684461	
634457	684991	
634553	683707	
634442	685366	
634420	684921	
634450	684620	
634521	683396	
634393	683556	
634545	684156	
634470	684264	
634483	684422	
634477	684477	
634513	685115	
634442	683424	
634495	683904	
634435	684219	
634492	683584	
634513	684185	
634512	684583	
634457	684306	
634469	684730	
634495	683730	
634529	683537	
634503	684399	
634435	685350	
634489	684724	
634506	683556	
634484	683865	
634488	684569	
634459	683420	
634455	685041	
634546	684328	
634468	683362	
634463	684989	
634500	682492	
634486	684244	
634549	683603	
634460	684123	
634505	684363	
634529	683502	
634513	684132	
634510	684794	
634452	683743	
634531	685242	
634494	684363	
634518	684672	
634538	683409	
634443	684833	
634461	684592	
634562	683849	
634526	685192	
634490	683270	
634515	684501	
634585	684380	
634549	683623	
634547	684613	
634526	684511	
634457	684492	
634507	683761	
634552	683648	
634509	684241	
634496	683664	
634475	684066	
634544	684176	
634485	684490	
634545	684761	
634536	684228	
634440	684409	
634580	682708	
634558	684321	
634501	683050	
634554	684601	
634477	684538	
634596	684271	
634480	684603	
634518	684010	
634536	683432	
634486	684334	
634531	683739	
634450	683384	
634594	684406	
634487	683810	
634568	685529	
634524	684441	
634544	683411	
634519	683995	
634445	683578	
634520	683271	
634583	683543	
634481	684724	
634500	685203	
634506	683855	
634481	684383	
634599	683758	
634499	684605	
634518	684610	
634519	684550	
634544	685078	
634559	684524	
634483	685575	
634542	685089	
634492	684060	
634573	684317	
634553	684692	
634510	684712	
634583	684587	
634597	683941	
634528	684086	
634585	684103	
634547	682682	
634559	684327	
634600	683218	
634562	682199	
634561	685181	
634538	683357	
634573	684391	
634605	683703	
634483	684805	
634488	684450	
634480	682910	
634610	684927	
634619	685043	
634487	684389	
634591	683902	
634569	685594	
634533	683597	
634601	684048	
634576	685015	
634548	685099	
634632	684131	
634517	683697	
634584	684332	
634521	685556	
634591	683589	
634602	683478	
634606	684641	
634575	685107	
634531	685229	
634615	683996	
634572	684511	
634535	684095	
634566	684370	
634579	682627	
634547	683707	
634645	683954	
634584	683880	
634642	683674	
634533	684473	
634543	685184	
634604	683093	
634620	684241	
634648	684473	
634555	684528	
634641	684526	
634574	683732	
634570	683565	
634673	683368	
634502	682963	
634556	684564	
634533	684044	
634526	684065	
634624	683324	
634606	683694	
634634	684014	
634563	684290	
634660	683162	
634587	683735	
634642	683107	
634604	685611	
634516	684893	
634648	684443	
634632	684327	
634554	683721	
634590	683915	
634554	684047	
634595	683094	
634624	684485	
634601	684349	
634624	684607	
634605	683681	
634608	683711	
634646	684025	
634571	684650	
634613	683321	
634663	684722	
634574	684270	
634577	684520	
634583	684618	
634652	685115	
634583	683103	
634636	683023	
634637	684395	
634614	684824	
634575	685289	
634629	685007	
634661	683852	
634616	684793	
634607	683684	
634671	685230	
634597	684308	
634553	684402	
634617	683970	
634601	683600	
634686	684953	
634534	684254	
634650	684573	
634652	684012	
634658	684778	
634627	683685	
634651	683607	
634577	684307	
634611	683594	
634524	682143	
634663	684016	
634585	684353	
634603	684732	
634560	683374	
634630	684505	
634560	684005	
634614	683294	
634654	684444	
634638	682204	
634580	683328	
634600	683790	
634603	683607	
634622	683426	
634708	683121	
634645	684174	
634661	684039	
634606	683665	
634640	684073	
634690	685603	
634635	683984	
634670	684531	
634648	683263	
634626	683679	
634589	684269	
634640	685208	
634652	683876	
634593	684573	
634676	683915	
634617	684596	
634590	683174	
634574	684335	
634625	683328	
634601	684330	
634703	683638	
634593	683830	
634664	684421	
634613	684757	
634686	683328	
634564	684879	
634666	684958	
634684	684107	
634610	683880	
634617	684016	
634670	684168	
634654	683851	
634621	683799	
634681	684420	
634580	683490	
634655	683614	
634638	682986	
634701	683836	
634549	684977	
634637	683083	
634638	684156	
634661	684801	
634657	683637	
634573	684593	
634664	683835	
634674	684215	
634642	684652	
634663	683251	
634674	682928	
634615	684998	
634634	684367	
634699	684913	
634604	683735	
634731	684755	
634696	684099	
634658	683851	
634608	683629	
634658	684821	
634602	684161	
634697	684403	
634626	683039	
634642	685009	
634624	683849	
634543	684660	
634709	685687	
634543	683892	
634609	683060	
634683	684646	
634625	685851	
634647	684560	
634654	684463	
634591	684258	
634704	683319	
634659	683779	
634679	684459	
634584	684413	
634650	686081	
634643	684820	
634637	684952	
634680	683052	
634563	683660	
634654	684269	
634646	682432	
634632	683396	
634737	682997	
634547	683375	
634686	683865	
634626	684110	
634654	684224	
634585	684106	
634699	684166	
634644	683711	
634664	682891	
634662	683940	
634624	683627	
634579	684746	
634716	682942	
634638	683079	
634568	684667	
634625	683615	
634697	683334	
634733	683165	
634597	683642	
634621	684417	
634649	683974	
634616	684706	
634693	683411	
634695	684062	
634655	684678	
634567	683514	
634629	684846	
634720	683139	
634644	684071	
634647	684154	
634648	685109	
634625	684562	
634612	683509	
634640	682431	
634677	683535	
634622	683821	
634634	683218	
634655	684522	
634674	683179	
634628	684955	
634706	685076	
634663	683255	
634686	685530	
634564	683366	
634671	684297	
634621	684581	
634589	683593	
634639	683979	
634690	684702	
634637	682961	
634563	683657	
634578	683438	
634602	684224	
634639	683644	
634633	683413	
634670	684107	
634650	685461	
634609	683655	
634735	684861	
634616	684292	
634578	684559	
634548	683895	
634601	684339	
634635	683940	
634606	684084	
634664	684321	
634597	684319	
634606	684282	
634631	684900	
634654	685332	
634606	683261	
634638	684340	
634669	683359	
634644	683651	
634632	683893	
634575	684445	
634658	684464	
634622	684005	
634680	684387	
634633	683454	
634599	683765	
634636	683698	
634688	684452	
634693	683429	
634647	684654	
634599	685052	
634701	682811	
634692	684210	
634661	684320	
634614	684580	
634622	684450	
634658	684016	
634658	684247	
634654	684336	
634563	684559	
634598	683751	
634650	684012	
634621	684132	
634622	684352	
634588	683517	
634605	684244	
634692	682908	
634719	684499	
634640	684453	
634613	684570	
634624	683111	
634623	685189	
634607	683161	
634649	684055	
634610	684208	
634608	684378	
634633	684294	
634659	684308	
634676	684478	
634563	683997	
634634	682948	
634682	684374	
634581	685191	
634577	684222	
634676	683336	
634584	684697	
634698	683326	
634676	683013	
634579	684384	
634637	684492	
634599	683914	
634640	683908	
634648	684477	
634609	682553	
634652	685547	
634629	684244	
634650	685003	
634661	684583	
634574	683778	
634661	683278	
634588	684173	
634621	684900	
634628	684062	
634630	684657	
634565	683569	
634601	683771	
634590	682957	
634638	683627	
634602	684913	
634630	683127	
634626	684833	
634633	684384	
634562	682651	
634636	683410	
634575	684336	
634633	683447	
634668	684869	
634600	683262	
634623	684323	
634654	685845	
634628	684478	
634624	683000	
634717	682548	
634559	684121	
634599	685071	
634637	684178	
634678	684666	
634638	684251	
634634	683073	
634537	683996	
634653	684859	
634567	685262	
634586	684053	
634562	684804	
634642	684632	
634681	683326	
634627	683729	
634627	683797	
634607	684768	
634634	684739	
634644	683771	
634589	684733	
634648	683421	
634630	683327	
634588	683518	
634544	684640	
634631	684058	
634645	684871	
634615	683542	
634588	684278	
634629	683540	
634588	684711	
634668	683999	
634649	683984	
634663	683903	
634551	684329	
634704	683773	
634630	684278	
634626	684519	
634695	684178	
634649	684407	
634645	683755	
634528	683698	
634594	683436	
634649	684233	
634607	683801	
634649	683699	
634576	683780	
634602	682990	
634591	685118	
634663	683705	
634574	684580	
634661	683522	
634628	683877	
634626	683679	
634696	683882	
634604	683355	
634585	684362	
634614	683408	
634643	683320	
634624	684190	
634563	684278	
634539	683321	
634627	685829	
634638	684781	
634605	685152	
634682	683155	
634600	683991	
634610	684706	
634632	683853	
634634	683257	
634502	684835	
634645	684176	
634596	684287	
634609	683982	
634568	683061	
634643	684143	
634598	682905	
634592	685761	
634565	683879	
634632	682765	
634603	684060	
634569	684162	
634563	684010	
634592	684021	
634544	683772	
634620	683255	
634585	684195	
634644	684454	
634612	683984	
634549	684697	
634689	683614	
634576	684928	
634647	683838	
634569	683283	
634609	684808	
634618	683067	
634571	683998	
634611	683991	
634568	685116	
634583	684799	
634641	683984	
634685	684871	
634540	684283	
634608	684228	
634607	683671	
634642	683467	
634562	684454	
634610	684446	
634533	682923	
634569	683326	
634625	684765	
634593	683989	
634565	684412	
634559	684735	
634678	684280	
634589	684950	
634566	684287	
634609	684719	
634510	683137	
634684	684832	
634610	684648	
634597	685190	
634647	684901	
634631	683648	
634610	683123	
634619	684434	
634485	684597	
634562	684387	
634626	683778	
634646	683269	
634538	684305	
634580	685284	
634577	684718	
634556	683157	
634695	684737	
634518	683322	
634568	684131	
634609	682787	
634576	683035	
634668	684669	
634634	685100	
634461	684815	
634650	683952	
634539	684045	
634579	683231	
634654	684726	
634531	683668	
634614	685319	
634539	684275	
634576	683601	
634616	684637	
634572	683578	
634587	683761	
634570	684161	
634585	684500	
634550	684178	
634624	684478	
634544	684947	
634611	683733	
634495	684059	
634614	685258	
634603	683471	
634516	684687	
634576	684756	
634617	685137	
634567	683884	
634510	684688	
634577	683608	
634599	683886	
634569	682908	
634536	683340	
634554	684471	
634532	684434	
634554	684277	
634599	684511	
634574	684128	
634524	683983	
634515	683829	
634585	682607	
634572	684346	
634605	684766	
634586	683504	
634492	683809	
634657	683982	
634518	683718	
634619	684012	
634554	683370	
634586	685133	
634585	684333	
634591	684322	
634589	684731	
634563	683300	
634587	684440	
634586	682595	
634491	683479	
634620	684689	
634494	684048	
634587	683573	
634509	684114	
634594	684670	
634511	684521	
634594	684325	
634580	684206	
634583	684820	
634588	683849	
634508	684172	
634524	684536	
634559	685513	
634615	684833	
634533	684363	
634531	683607	
634584	684837	
634496	683497	
634587	685037	
634514	682212	
634476	683963	
634555	683343	
634578	682940	
634583	684907	
634512	683471	
634611	683842	
634624	685400	
634480	685404	
634576	683923	
634559	684258	
634555	684171	
634501	683865	
634524	684345	
634532	685399	
634447	683792	
634595	684085	
634543	683686	
634531	684278	
634529	684365	
634493	681887	
634508	683824	
634509	684395	
634493	684206	
634610	685151	
634433	684393	
634533	684784	
634488	684218	
634590	684306	
634522	684571	
634551	684587	
634528	684482	
634506	684996	
634476	683430	
634568	684773	
634451	684464	
634475	681898	
634450	683450	
634515	684310	
634470	684263	
634587	684605	
634424	683864	
634562	683819	
634549	684183	
634436	683213	
634452	682606	
634417	684592	
634512	683202	
634439	684731	
634621	684245	
634478	684129	
634473	684060	
634584	682179	
634464	683545	
634472	683608	
634409	684027	
634511	683829	
634529	684021	
634493	683239	
634472	683828	
634487	684592	
634558	684710	
634526	684046	
634523	683803	
634485	683867	
634542	683399	
634508	683288	
634480	684397	
634535	684223	
634463	684493	
634449	684352	
634584	683902	
634453	684623	
634468	683295	
634508	683958	
634527	684899	
634535	683704	
634465	683051	
634530	684453	
634520	682598	
634444	683971	
634539	683870	
634448	683205	
634490	684967	
634488	685007	
634512	684020	
634418	685403	
634417	683727	
634493	683586	
634486	684494	
634520	684488	
634458	684103	
634454	683536	
634514	683357	
634503	684072	
634445	684464	
634473	684734	
634461	684398	
634487	684712	
634512	683538	
634402	683863	
634483	684020	
634472	683611	
634462	683778	
634489	684350	
634401	683973	
634496	683903	
634499	684834	
634473	683420	
634482	682588	
634445	685085	
634511	683776	
634477	684025	
634475	685471	
634432	684431	
634452	684974	
634560	684306	
634492	684700	
634432	683883	
634409	683485	
634415	683909	
634581	683931	
634468	684146	
634392	684172	
634484	684346	
634476	684555	
634525	684177	
634461	684068	
634493	684144	
634464	684483	
634410	684042	
634511	684536	
634512	683218	
634415	684805	
634462	684674	
634454	683436	
634482	682800	
634457	684760	
634487	682662	
634421	684733	
634503	685207	
634545	685037	
634436	685161	
634489	683487	
634461	684122	
634508	685389	
634467	685138	
634401	683861	
634435	683559	
634473	684505	
634434	683311	
634464	683298	
634475	683514	
634439	684452	
634529	683094	
634454	684633	
634455	683984	
634457	684430	
634477	684590	
634488	683041	
634467	684210	
634460	684313	
634514	684039	
634439	682872	
634400	684066	
634509	684771	
634465	684278	
634464	684351	
634480	684336	
634474	683572	
634469	684282	
634410	684174	
634416	683035	
634477	682993	
634441	683693	
634444	683098	
634486	683158	
634487	683393	
634435	683908	
634446	684185	
634464	685580	
634462	684300	
634503	684482	
634500	684900	
634408	682965	
634477	684574	
634572	683556	
634432	683044	
634499	683422	
634445	683296	
634432	683859	
634504	683217	
634455	684626	
634442	683482	
634390	683117	
634519	684079	
634494	684151	
634393	683707	
634482	683849	
634441	683882	
634480	684297	
634476	683650	
634449	684593	
634415	683351	
634442	683797	
634435	684064	
634482	683772	
634348	685292	
634409	683788	
634423	683915	
634476	683132	
634546	684005	
634315	683777	
634441	683419	
634505	684104	
634461	683902	
634428	684752	
634407	684618	
634526	684703	
634376	683429	
634455	684658	
634471	683465	
634354	683903	
634455	684549	
634396	683592	
634466	684410	
634464	682541	
634390	683753	
634452	683921	
634395	684829	
634474	684466	
634542	684436	
634430	684115	
634466	684679	
634513	684060	
634462	683026	
634418	684329	
634409	684364	
634441	684274	
634505	684797	
634497	684588	
634374	683037	
634461	683966	
634451	685084	
634420	685038	
634475	683413	
634449	683795	
634433	684032	
634364	683902	
634413	683856	
634464	684329	
634471	683540	
634463	683229	
634384	683880	
634463	683525	
634428	684529	
634507	683431	
634405	684085	
634485	683358	
634382	684372	
634433	683701	
634420	683967	
634439	683885	
634428	684157	
634454	683963	
634448	684442	
634416	682785	
634439	683329	
634432	683813	
634357	684099	
634532	683821	
634452	684410	
634432	682864	
634457	683444	
634462	683323	

 Comment
@