Version  	 2.0
 Type  	analog
 Azimut 	180
 Exceed 	20
 Alpha  	40
 Quantity of cycles 	1000
 Quantity of strobes 	2001
 Strobe 	10
 Delay  	0
 Time begin 	17:40:37
 Time end   	17:41:27
 Data
635951	656494	
636042	657466	
635324	657811	
636147	659329	
636086	734391	
635557	678703	
633645	1962065	
682816	2725136	
651976	1807613	
645053	947255	
642697	748311	
644127	695509	
641717	685722	
638811	692727	
639122	682879	
636956	674492	
636473	678506	
635899	674201	
635821	668201	
635967	669076	
635939	667604	
636706	666821	
636450	668599	
636684	669584	
636627	670444	
636466	669224	
636422	669316	
635877	669963	
635796	671797	
635571	674160	
635905	682147	
635855	696391	
636097	720925	
636439	746952	
637006	778608	
637335	818143	
637453	851890	
637621	876152	
637691	876561	
637591	868261	
637476	857338	
637422	849187	
637465	845582	
637441	837632	
637534	826324	
637533	819491	
637693	813065	
637703	806209	
637723	796767	
637853	787570	
637739	779545	
637528	775597	
637414	770431	
637357	758929	
637146	750665	
637070	746112	
637050	743357	
637099	740402	
637041	738692	
637068	734583	
637125	731581	
637104	728923	
636963	726042	
636996	724469	
636988	721709	
636892	718035	
636750	714941	
636706	711935	
636795	709455	
636694	707369	
636707	703723	
636641	700953	
636806	699210	
636835	699605	
636757	699442	
636754	696944	
636780	695915	
636722	694967	
636721	695189	
636585	694515	
636620	691781	
636547	690092	
636519	687765	
636616	685287	
636608	685464	
636529	685357	
636541	687933	
636690	686533	
636647	685812	
636658	683375	
636530	683114	
636576	682208	
636495	680409	
636469	679713	
636381	678343	
636470	679405	
636425	677185	
636439	677086	
636416	676992	
636437	675343	
636488	675098	
636448	674709	
636403	674033	
636388	672706	
636355	673438	
636320	672531	
636365	671540	
636376	670421	
636345	669812	
636316	669551	
636341	669736	
636312	669912	
636254	668969	
636239	669749	
636343	669241	
636424	667570	
636257	667664	
636200	667557	
636276	666017	
636266	666757	
636282	666498	
636176	666945	
636206	666289	
636262	666042	
636254	665936	
636273	666836	
636236	666391	
636302	665632	
636224	665515	
636190	664823	
636270	666629	
636181	664909	
636114	665257	
636216	666398	
636155	665205	
636227	663015	
636184	664410	
636208	663033	
636133	664323	
636215	664697	
636204	665411	
636109	664669	
636177	664855	
636172	663422	
636136	664910	
636121	664418	
636178	664199	
636142	664967	
636168	663608	
636127	663392	
636194	664195	
636088	662725	
636175	662208	
636177	661788	
636153	661638	
636114	661470	
636125	662163	
636093	661659	
636119	661589	
636043	662392	
636119	661134	
636148	661418	
636088	662018	
636115	661032	
636145	661453	
636134	661608	
636109	661466	
636118	661567	
636065	661055	
636132	661311	
636047	661776	
636117	661914	
636043	659926	
636134	660751	
636077	659847	
636041	660786	
636037	660307	
636122	661294	
636034	661294	
636085	660532	
636034	661126	
636055	660278	
636089	659895	
636054	660635	
636019	660516	
636095	660761	
636027	660266	
636088	660055	
636025	660476	
636050	660485	
636099	659950	
636077	660539	
636021	660107	
636080	660725	
636118	659688	
636052	659122	
636047	660111	
635963	659597	
636040	660849	
636059	660050	
636070	659272	
636027	659778	
636063	660748	
636093	660275	
636081	659411	
636110	659558	
636022	659341	
635981	659048	
636060	660905	
636111	660150	
635999	659464	
635997	659945	
636078	659041	
636060	659920	
635933	659063	
635978	660789	
636042	659001	
636041	660068	
636064	658048	
636049	660380	
635984	659321	
636061	659515	
636048	659604	
636047	660332	
636006	658862	
636033	660689	
636062	659700	
636046	659384	
636074	659419	
636001	661392	
636041	659344	
635998	659588	
636102	659719	
635997	659616	
635982	659006	
636003	659147	
636022	658493	
635991	658822	
636030	659332	
636015	659367	
636038	658601	
636044	661157	
635985	659682	
636068	658815	
636095	659493	
636022	659205	
636071	659190	
636000	660134	
636035	658361	
636035	659683	
635944	658456	
636040	658666	
636027	659440	
636028	659718	
635950	659644	
636037	659174	
636053	659819	
635953	658466	
635947	659705	
636095	659415	
635954	659030	
636023	659241	
636082	659643	
635957	658304	
636039	658060	
635952	657813	
636004	657638	
635973	659626	
636054	658122	
635959	658626	
636066	659079	
636087	657796	
635969	657957	
636014	659286	
636076	659245	
636049	658345	
635992	659177	
636052	658438	
635972	659096	
636049	658506	
636024	659391	
636022	658000	
636064	657397	
636009	658562	
635984	658934	
635979	658723	
635981	659214	
636067	659830	
635978	657524	
635983	658354	
636011	657957	
636060	658397	
635999	658434	
635909	658180	
635923	659397	
636081	657535	
636020	658447	
635992	658578	
635907	659296	
635977	658958	
636037	657535	
636033	658303	
635954	659166	
635958	658416	
635992	658000	
635998	658424	
635990	659153	
636026	659069	
635981	659112	
636125	658391	
636027	657932	
635980	658824	
635964	658312	
636062	658943	
636030	657821	
635955	657836	
636010	658113	
636027	656995	
636005	658925	
635964	659030	
635917	657665	
636006	658246	
636039	657320	
635998	658676	
635940	658863	
636103	656768	
635983	658140	
635958	658676	
635967	657197	
635956	658707	
635965	658207	
636033	657648	
635974	658770	
635912	658503	
635988	659555	
635914	658177	
636120	657739	
635946	657958	
635961	657898	
635868	658056	
636030	658425	
635965	658270	
635964	657968	
635932	658039	
636040	656943	
636016	658404	
636062	658633	
635951	657799	
635940	657904	
636042	659062	
635889	658880	
636002	658285	
636001	656696	
635982	657946	
635927	657797	
635932	658408	
635976	657463	
635966	657378	
635948	658768	
636040	657899	
635925	658122	
636003	658073	
635967	658750	
636010	658364	
635942	658347	
635972	658090	
635929	657190	
635974	658649	
635990	656766	
635977	658257	
636017	658637	
635905	659068	
635875	657539	
635939	657015	
635925	657334	
635996	657122	
635965	657492	
635928	657124	
635963	656786	
635986	658133	
635976	657271	
636007	658230	
635964	657209	
635988	656923	
635991	659101	
635932	658369	
635984	659669	
635934	658578	
636013	657651	
635916	658647	
635984	658064	
635930	657467	
635951	657921	
635921	657073	
635911	658407	
635971	658284	
635946	657273	
635957	658153	
635955	657627	
635913	657246	
635905	657844	
635988	657431	
635937	658036	
635949	658337	
635873	658524	
635962	656749	
635967	657497	
635967	659815	
635860	657469	
635868	657991	
636068	657687	
635981	658447	
635876	657471	
635892	657619	
635988	657395	
635983	659282	
635927	657290	
635977	658892	
635966	659027	
635991	658541	
635993	657329	
635913	657286	
635931	657283	
635985	657223	
635948	657407	
635973	658122	
635864	657051	
635929	657054	
635901	657897	
635980	657439	
635990	656004	
635917	657072	
635976	658175	
635934	658247	
635946	658034	
635940	656850	
635906	657409	
635861	657843	
635903	657886	
635903	658575	
635942	658378	
635937	659138	
635901	656746	
635970	658311	
635955	657784	
635920	656801	
635933	657278	
635968	657575	
635942	657823	
635977	656834	
635925	657229	
635926	657539	
635899	657857	
635939	656580	
635931	658178	
635879	657715	
635879	657981	
635946	657922	
635956	657102	
635942	657822	
635838	657855	
636040	657554	
635908	657775	
635899	657017	
635883	658188	
635919	657516	
635962	656968	
635914	658887	
635967	657270	
635922	657457	
635931	657374	
635996	656827	
635876	657145	
635864	657569	
635913	656798	
635910	658252	
635918	656245	
635946	657370	
635908	656944	
635933	656669	
635861	659093	
635869	657163	
635956	656047	
635962	658702	
635918	657333	
635846	658344	
635927	658866	
635894	656541	
635968	658222	
635985	656298	
635854	657923	
635918	657575	
635946	657842	
635928	657051	
635883	657903	
635912	658026	
635917	657711	
635977	657999	
635846	657982	
635952	658199	
635906	657093	
636006	658657	
635910	657446	
635888	656626	
636010	656791	
635925	657153	
635786	657949	
635909	658279	
635904	656920	
635930	658117	
635925	657592	
635839	657009	
635982	656936	
635925	656875	
635920	656569	
635838	657059	
635957	656776	
635916	656824	
635868	657308	
635898	657259	
635941	656577	
635966	656487	
635971	657688	
635902	657891	
635882	658196	
635874	657554	
635871	658140	
635979	656993	
635892	657931	
635979	657627	
635870	657074	
635980	657926	
635890	657749	
635975	659023	
635867	657824	
635919	657787	
635934	657817	
635963	657318	
635871	657005	
635960	657788	
635876	657085	
635986	656293	
635885	657919	
635936	657658	
635914	657391	
635901	656153	
635946	656879	
635955	656762	
636009	657058	
635948	657649	
635959	657245	
635904	657889	
635972	658402	
635934	656909	
635871	657847	
635921	657128	
635966	657511	
635974	656142	
635943	656705	
635870	658216	
635932	658125	
635874	658853	
635942	657669	
635908	657546	
635904	658859	
635976	657450	
635933	656158	
635932	657173	
635906	656200	
635898	656523	
635952	657022	
636038	656323	
635917	656208	
635852	658083	
635819	656149	
635889	657767	
635997	657440	
635858	657548	
635955	657738	
635896	658894	
635965	657446	
635929	656779	
635851	657067	
636113	658087	
636256	656954	
635895	657009	
635749	656988	
635858	657314	
635871	657379	
635926	657629	
635911	657667	
635906	657110	
635867	658017	
635984	658044	
635905	656390	
635880	656698	
635919	657902	
635810	656596	
635925	657827	
635903	657410	
635882	657220	
635824	656527	
635867	656629	
635896	657884	
635967	656316	
635869	656034	
635893	657792	
635902	657085	
635892	657299	
635917	658606	
635850	658130	
635942	658051	
635910	657243	
635929	656670	
635906	658071	
635903	656285	
635904	657549	
635838	656304	
635909	656730	
635916	657016	
635870	658129	
635894	657692	
635939	658123	
635941	657347	
635844	657411	
635899	657430	
635933	657128	
635881	656268	
635901	657815	
635825	657567	
635880	658784	
635889	655918	
635928	658074	
635858	657111	
635888	657628	
635882	658402	
635914	657625	
635877	657234	
635876	657951	
635882	656535	
635873	657140	
635913	657782	
635872	656084	
635935	656974	
635882	656898	
635821	657875	
635897	656848	
635862	656618	
635922	658202	
635830	656294	
635848	657856	
635826	656190	
635851	658060	
635928	657896	
635887	657590	
635975	658167	
635864	658067	
635922	657302	
635923	657690	
635890	657180	
635879	657269	
635923	657996	
635883	656532	
635914	657350	
635918	657317	
635857	657929	
635873	657208	
635936	656156	
635921	656742	
635882	658293	
635934	658014	
635919	657387	
635888	656788	
635896	656826	
635969	658209	
635887	657181	
635966	658250	
635849	657655	
635891	658592	
635884	656516	
635880	657397	
635867	656683	
635894	657757	
635923	657683	
635820	656703	
635804	657753	
635929	658808	
635883	658495	
635884	658478	
635954	657142	
635889	657037	
635961	657321	
635932	657612	
635905	658024	
635884	657343	
635892	656747	
635824	657464	
635911	656438	
635874	657611	
635801	657461	
635879	657076	
635895	657848	
635939	657219	
635909	657376	
635920	657643	
635856	657718	
635865	658126	
635950	657095	
635786	657928	
635933	657304	
635989	658894	
635836	657606	
635922	657405	
635863	657124	
635890	657173	
635943	657299	
635963	657439	
635831	657566	
635805	657675	
635909	658090	
635924	657934	
635872	658096	
635907	656523	
635914	658097	
635812	657886	
635927	655965	
635964	658313	
635876	657875	
635847	657444	
635920	657500	
635865	657028	
635974	656431	
635860	657711	
635902	657492	
635943	657275	
635869	657412	
635909	655825	
635872	658288	
635899	658535	
635802	656038	
635922	657612	
635902	657757	
635896	657483	
635857	656946	
635954	657204	
635949	658287	
635889	657491	
635914	657660	
635870	657474	
635981	657621	
635859	658279	
635903	656937	
635889	657175	
635974	657229	
635892	657303	
635868	657895	
635877	658382	
635949	657423	
635877	657228	
635913	657398	
635896	657414	
635942	656829	
635892	657317	
635875	656125	
635938	656775	
635920	658324	
635846	656969	
635833	657434	
635873	657010	
635916	657042	
635887	657013	
635923	657174	
635889	656713	
635895	657223	
635894	658017	
635909	658068	
635856	657541	
635879	657141	
635856	656373	
635925	657873	
635999	656250	
635836	657179	
635820	659283	
635935	655961	
635901	656670	
635906	655734	
635918	657045	
635832	657789	
635928	657816	
635926	657590	
635894	657083	
635904	655821	
635846	657505	
635926	657736	
635896	656846	
635944	657501	
635890	657535	
635917	656608	
635908	656735	
635866	657976	
635862	657501	
635958	657889	
635880	658188	
635907	657512	
635896	658040	
635928	657278	
635951	656755	
636005	657390	
635908	656641	
635881	658540	
635887	658441	
635921	657440	
635926	658004	
635936	657069	
635828	656734	
635879	657515	
635923	656943	
635845	657626	
635939	657382	
635921	658451	
635940	657482	
635887	656542	
635934	658760	
635851	658764	
636009	656958	
635908	658376	
635949	657156	
635882	656793	
635940	656813	
635932	657648	
635908	657589	
635906	657367	
635981	658141	
635894	656865	
635929	656595	
635969	656125	
635900	656927	
635895	657020	
635961	656850	
635888	657002	
635872	657188	
635883	657146	
635952	656974	
635991	657758	
635944	658214	
635952	656790	
635897	657022	
635982	657364	
635930	657042	
635928	657764	
635907	657692	
635925	656962	
635959	657942	
636011	657056	
635955	656891	
635929	657178	
635825	658467	
635882	657544	
636028	657518	
636002	658182	
635927	658263	
635922	657633	
635981	656219	
635974	657450	
635902	658026	
635816	658087	
635945	656895	
635975	657351	
635938	658212	
635860	657271	
635934	657919	
635929	658493	
636005	657023	
635925	656747	
635981	656676	
635909	657282	
635881	657208	
635907	657174	
635942	657679	
635987	656060	
635954	657111	
635915	657618	
635939	656795	
635865	657384	
635951	656837	
635947	657283	
635924	658297	
635980	657714	
635864	657500	
636030	656876	
635876	657222	
635890	657328	
635938	656454	
635945	656301	
636061	656963	
635898	656646	
635922	657479	
636015	657190	
636001	656318	
636005	658516	
635872	658648	
635958	656806	
635980	657711	
635954	657366	
635955	657561	
635993	656981	
635987	656262	
636023	657342	
635891	657244	
635943	657699	
635937	656847	
635886	656629	
635946	658127	
635975	658330	
635987	658060	
635980	658052	
635909	657249	
636013	657589	
636007	656959	
636004	657998	
635939	657054	
635982	657838	
635993	657714	
636002	657860	
635943	656722	
635991	658187	
635977	657036	
636002	657515	
635980	657988	
635953	657426	
635918	657631	
635957	657263	
635996	656989	
636019	659253	
635999	657811	
635983	657023	
636025	657412	
635978	657495	
635961	657447	
635880	655995	
635963	656368	
635989	656420	
635955	656455	
635920	655710	
635999	658091	
635961	657067	
635945	657365	
636011	658339	
635981	657007	
636019	657772	
635955	656890	
635992	657330	
635959	656651	
635977	657063	
635922	657851	
635954	657546	
635992	656492	
636040	657674	
636002	657466	
635900	657551	
635994	656600	
636016	658172	
636022	656961	
636040	656385	
635965	657399	
635952	657730	
635999	657621	
636008	657020	
636023	657000	
635978	658446	
635926	656619	
635986	657201	
636017	657139	
635958	657664	
635959	655962	
635982	656781	
636048	656245	
636000	657806	
636001	656126	
635979	656924	
635980	658008	
635973	656780	
635967	655215	
636059	657128	
635980	657501	
636027	657201	
635950	656634	
636037	656845	
635947	657243	
635945	657285	
635881	656723	
636070	656660	
635970	657589	
636026	657391	
635938	657224	
636030	657516	
636063	655804	
636004	658179	
636016	656836	
635962	657913	
636054	657059	
635972	657334	
636020	657032	
635997	657599	
636014	657497	
636015	657220	
635990	656508	
636021	655708	
636018	657597	
635910	655969	
635997	656984	
635976	658218	
636057	656563	
635996	657294	
636082	656953	
635974	657422	
636057	656832	
635938	657274	
636059	657027	
636022	657036	
635990	658027	
635968	657662	
635955	657548	
636060	656765	
635997	657662	
636001	657484	
635968	657206	
636021	657393	
636015	656758	
635968	657790	
636045	655323	
636071	656944	
636019	656480	
635995	657506	
635967	657280	
636110	656138	
636061	656745	
635965	657409	
636018	656525	
636011	656250	
636055	657463	
635983	657890	
636002	657189	
636025	657821	
636022	657435	
636023	658241	
636005	656324	
636010	656893	
636010	656823	
635973	656678	
636110	656774	
636029	657077	
635955	657741	
635993	657383	
636037	657437	
636042	656446	
635946	656498	
635999	655710	
636068	656739	
636030	657056	
635962	657647	
635970	656747	
636090	657623	
636087	657409	
636040	657723	
635962	657544	
635989	656585	
636064	657092	
636024	656902	
636018	656837	
636019	657624	
636005	656593	
636017	657356	
636084	656294	
636050	657191	
635907	657616	
636044	657031	
636000	657415	
636062	656676	
636010	656306	
636001	657003	
636052	656372	
636025	657565	
636005	656155	
636025	656631	
636074	657052	
636007	657260	
636014	656192	
636025	655543	
636047	656216	
636026	656721	
636024	656981	
635982	656296	
636027	657722	
635998	657294	
636008	656447	
636027	656587	
636011	658098	
636013	657892	
636052	656830	
636076	656983	
636130	657218	
635976	656977	
636027	656550	
636019	655834	
636062	656818	
636038	656754	
635970	656843	
636030	656266	
636092	657033	
636040	657849	
636039	657064	
636040	655413	
636046	657516	
636053	658223	
636048	658490	
636037	657299	
636046	657387	
636055	657086	
636150	656725	
636032	656243	
636073	657316	
636005	656388	
636042	656433	
636049	656902	
636053	656641	
636007	656757	
636114	657312	
636000	656711	
636052	656729	
636055	656840	
636052	657527	
636122	655542	
636019	656134	
635992	656534	
635999	655995	
636114	657002	
636053	657946	
636001	657336	
636076	657028	
636130	656654	
636036	657542	
636108	656559	
636085	656509	
636088	657726	
636064	657657	
636090	657541	
635979	656942	
636091	657402	
636054	656719	
636055	657124	
636082	657783	
636141	654955	
636084	656406	
636013	656288	
636076	656228	
636110	657535	
636049	657424	
636025	658332	
636107	656931	
636036	657585	
636172	657211	
636064	655060	
636066	657209	
636044	657526	
636017	656891	
636049	656903	
636174	657004	
636119	656441	
636044	657497	
636060	656975	
636084	654903	
636164	658233	
636047	656915	
636082	656992	
636042	656501	
636164	657446	
636039	657047	
636071	657342	
636114	655675	
636137	656296	
636043	655599	
636048	655811	
636069	656822	
636086	657515	
636095	656050	
636122	657491	
636075	657246	
636067	656007	
636096	657732	
636098	657856	
636088	657530	
636048	657570	
636114	656492	
636186	656321	
636121	657630	
636004	657421	
636093	656615	
636099	656202	
636116	656794	
636042	656655	
636005	657587	
636099	657603	
636127	657032	
636145	657047	
636119	657710	
636076	656592	
636158	656484	
636113	656967	
636062	656024	
636144	656513	
636070	657230	
636054	655729	
636109	657343	
636188	657362	
636066	657000	
636037	656700	
636085	655836	
636166	657174	
636097	656610	
636117	656451	
636054	657621	
636105	657103	
636113	655553	
636056	657406	
636172	655882	
636109	656661	
636083	656191	
636116	656579	
636086	656701	
636061	657280	
636126	657305	
636148	656277	
636110	657775	
636145	656610	
636118	657851	
636079	657962	
636167	657404	
636125	657200	
636176	657335	
636151	656316	
636134	655827	
636131	655907	
636028	656961	
636113	656162	
636077	656164	
636123	656462	
636128	656740	
636069	656565	
636192	656901	
636028	657233	
636024	657758	
636143	655531	
636181	656947	
636104	656817	
636150	655871	
636020	657524	
636117	656543	
636191	657834	
636185	657640	
636041	657129	
636057	657018	
636156	655876	
636112	656033	
636142	656398	
636123	656702	
636074	655748	
636181	657883	
636105	657125	
636025	657129	
636129	656002	
636170	656378	
636139	655942	
636186	655871	
636081	657853	
636082	656261	
636129	657086	
636148	656376	
636156	657757	
636125	657156	
636138	657109	
636113	657382	
636129	656605	
636099	658550	
636148	657135	
636164	657058	
636145	657397	
636213	658249	
636094	656054	
636206	656601	
636069	657753	
636158	656398	
636063	656442	
636155	657058	
636124	656691	
636125	657630	
636113	656110	
636173	656929	
636095	657526	
636122	657843	
636135	657027	
636141	656513	
636116	657579	
636132	657642	
636156	656557	
636185	657308	
636138	657704	
636106	656592	
636192	656627	
636134	656520	
636108	657223	
636158	657491	
636130	657420	
636138	657614	
636206	656816	
636116	657105	
636102	657503	
636174	657590	
636126	655507	
636197	656643	
636174	655145	
636136	655409	
636189	657361	
636130	656305	
636138	656349	
636087	657082	
636147	656029	
636138	657045	
636146	657910	
636099	658711	
636186	657711	
636161	657216	
636161	656489	
636131	656883	
636114	656414	
636123	657064	
636224	657356	
636197	657017	
636084	657656	
636170	658110	
636082	657453	
636140	656800	
636195	656102	
636128	657003	
636149	656211	
636195	657767	
636122	655764	
636106	655847	
636058	657002	
636165	657024	
636147	656892	
636183	657278	
636056	656943	
636218	656890	
636210	656024	
636109	656904	
636171	656324	
636141	657451	
636111	657068	
636137	657905	
636160	657339	
636177	656942	
636184	656554	
636218	657812	
636129	657502	
636193	657518	
636080	656750	
636160	657659	
636171	656591	
636138	656011	
636143	658443	
636102	657040	
636142	657211	
636167	656828	
636114	657572	
636068	657753	
636150	656908	
636205	657343	
636195	657582	
636121	657420	
636180	656545	
636128	656078	
636206	656886	
636093	656240	
636092	656359	
636127	657326	
636161	657014	
636129	656819	
636146	656821	
636175	655085	
636144	657067	
636098	656788	
636154	656810	
636214	657045	
636068	656631	
636190	657110	
636080	657396	
636076	655945	
636105	656500	
636110	657927	
636165	656968	
636177	657599	
636153	657585	
636100	656715	
636157	655997	
636212	657492	
636197	657545	
636121	656788	
636122	656277	
636105	656562	
636151	656237	
636167	657781	
636178	657109	
636199	657387	
636124	658024	
636202	656347	
636168	656507	
636153	657814	
636071	655900	
636209	657689	
636236	655369	
636128	657299	
636124	657867	
636126	656138	
636208	656697	
636226	656833	
636136	656312	
636136	656688	
636194	658003	
636156	656880	
636136	657698	
636178	656120	
636221	656227	
636126	656080	
636107	657444	
636164	656546	
636136	657626	
636133	656420	
636133	656436	
636169	657127	
636154	657694	
636132	656902	
636197	656154	
636204	655542	
636163	656610	
636103	656744	
636121	656724	
636159	655505	
636084	656591	
636134	656674	
636117	658087	
636212	656744	
636191	657847	
636064	656888	
636173	657220	
636193	658067	
636180	654863	
636138	656878	
636139	657722	
636151	656278	
636178	656404	
636093	657402	
636182	655264	
636163	656729	
636074	658257	
636150	656849	
636151	657086	
636226	655638	
636113	655969	
636136	657222	
636123	656892	
636145	656908	
636117	656709	
636084	657755	
636185	656358	
636220	657967	
636125	657477	
636136	655650	
636162	658245	
636191	655822	
636198	658822	
636061	656898	
636151	657035	
636159	656983	
636173	656990	
636145	656957	
636130	656628	
636177	657031	
636124	655784	
636142	656899	
636166	656444	
636111	655833	
636090	656352	
636135	655694	
636123	658099	
636180	656926	
636093	657246	
636134	657691	
636133	657319	
636119	656892	
636145	656200	
636164	657272	
636101	657306	
636101	656741	
636197	657197	
636126	657967	
636127	656463	
636123	657757	
636076	656175	
636139	656242	
636202	656486	
636135	657118	
636072	657611	
636074	657026	
636215	656629	
636144	656434	
636149	657528	
636163	656481	
636056	656618	
636180	656031	
636114	655888	
636119	656439	
636188	656454	
636068	657485	
636102	658422	
636112	657322	
636123	657387	
636127	658385	
636104	656618	
636185	658808	
636107	656941	
636115	655919	
636160	658007	
636232	656372	
636116	656771	
636055	657203	
636078	656753	
636150	656995	
636175	655610	
636147	656819	
636059	656235	
636100	656646	
636185	656815	
636120	656568	
636133	656833	
636059	657017	
636167	657341	
636158	656807	
636114	656694	
636098	656072	
636152	656937	
636038	655859	
636143	657291	
636151	657104	
636158	657709	
636067	656498	
636105	656466	
636146	657134	
636135	655870	
636019	656636	
636126	656192	
636276	656643	
636067	656666	
636141	657930	
636077	657092	
636186	655486	
636105	657756	
636149	656563	
636064	657662	
636129	656868	
636107	657285	
636075	655709	
636126	656179	
636072	659012	
636086	656425	
636077	657337	
636165	656278	
636138	657449	
636147	657473	
636099	657250	
636132	657058	
636191	656968	
636171	656177	
636094	656137	
636121	656330	
636077	657420	
636109	655738	
636079	657208	
636139	657122	
636045	655243	
636046	657664	
636130	656803	
636124	656834	
636072	656259	
636064	656941	
636059	656220	
636100	656519	
636128	655197	
636127	656658	
636048	656629	
636174	657294	
636142	655714	
636081	657165	
636139	656215	
636112	656743	
636085	657201	
636117	657601	
636076	657263	
636141	658285	
636031	657504	
636191	657695	
636177	657366	
636063	657244	
636083	657098	
636046	657729	
636173	657706	
636147	656918	
636071	657087	
636131	656054	
636121	655934	
636087	657955	
636039	656317	
636035	658608	
636189	656745	
636114	656985	
636145	657102	
636075	656742	
636128	657086	
636131	657751	
636071	657711	
636171	657551	
636145	656384	
636112	656648	
636082	656469	
636181	657045	
636115	656392	
636144	656909	
636064	656308	
636136	656516	
636034	657379	
636044	656624	
636051	657582	
636121	657050	
636152	656707	
636086	657699	
636077	656655	
636173	657841	
636069	656009	
636123	655220	
636140	657459	
636119	657614	
636104	656774	
636041	656185	
636081	656060	
636166	658953	
636064	656331	
636059	656973	
636151	656236	
636178	656380	
636116	657553	
636026	656615	
636042	657701	
636107	657224	
636159	656678	
636161	657415	
636088	656342	
636054	657043	
636143	657656	
636125	657658	
636100	656769	
636058	654989	
636047	656017	
636077	657294	
636168	656666	
636068	657314	
636034	656972	
636119	656495	
636090	656998	
636078	656423	
636156	657270	
636053	656642	
636085	656233	
636153	656793	
636068	657003	
636082	656593	
636093	656489	
636057	656182	
636095	656611	
636075	657173	
636148	655901	
636093	656190	
636039	657466	
636142	655809	
636098	656189	
636070	656073	
636045	656307	
636090	656680	
636056	656919	
636085	656550	
636046	656507	
636065	656956	
636097	656422	
636092	657822	
636035	656089	
636110	657903	
636082	657172	
636069	657459	
636116	656561	
636132	657088	
636073	656905	
636079	656358	
636044	656241	
636099	656216	
636059	656187	
636058	657333	
635999	656461	
636121	657471	
636115	655537	
636012	656322	
636068	656981	
636022	657854	
636116	656599	
636096	657115	
636044	656600	
636090	657585	
636028	656798	
636061	657681	
636071	656706	
636104	657146	
636075	656737	
635950	656117	
636080	657290	
636103	656800	
636003	657519	
636046	656466	
635991	656260	
636107	656034	
636179	657369	
636081	656670	
636036	656831	
636041	656902	
636069	656038	
636006	656916	
636124	657711	
636051	656931	
636006	656006	
636094	657263	
636061	657340	
636041	656978	
636040	657249	
636064	656906	
636129	656866	
636071	656069	
636002	657338	
636029	657613	
636038	656716	
636086	655188	
636042	656945	
635986	657657	
636004	657744	
636043	656584	
636047	656590	
636096	657813	
635975	657820	
636068	657660	
636029	655325	
636072	657575	
636083	657484	
636003	656212	
636113	657083	
636077	657168	
636064	656717	
636107	657127	
636030	656896	
636000	657201	
636094	656635	
635986	657466	
636004	656937	
636069	656883	
636001	656404	
636038	656410	
636017	656451	
636079	655851	
636058	656640	
636032	656837	
635984	657309	
636036	657365	
636037	657155	
636079	656298	
636047	656623	
636029	656875	
636066	656244	
636001	656627	
636068	656563	
636028	655850	
636059	656516	
636096	656476	
636038	656342	
636025	657077	
636020	656907	
635984	656768	
636034	656599	
636069	657365	
635993	656039	
636006	655994	
636006	658135	
636101	658009	
636038	655717	
636025	657636	
636092	656051	
635971	656515	
636046	657743	
636048	656313	
635929	656328	
636043	657739	
635976	655351	
636064	657505	
636023	657677	
636022	656623	
636062	657148	
636064	657174	
636018	657044	
636016	656590	
635979	656939	
636058	655750	
636119	657148	
635964	655990	
635984	658316	
635975	657477	
635994	657315	
636039	656544	
636004	657494	
635964	656542	
636109	656061	
636034	657598	
635997	656704	
635997	656053	
636061	657160	
636036	656596	
636025	657239	
635975	656823	
636042	656548	
636036	656678	
636081	656006	
636079	657533	
635977	657337	
636008	656838	
636021	655609	
636009	656744	
635995	657152	
635971	657255	
636087	657392	
636075	656043	
635992	657397	
635977	657432	
636028	656366	
635986	658437	
636052	657288	
635950	656669	
635977	657403	
636066	656538	
635972	657026	
636016	656545	
635988	656729	
636012	656781	
636000	657253	
636067	656054	
635943	655701	
636092	656668	
636006	655467	
636050	657272	
636027	656263	
636027	657349	
636009	656883	
636025	655566	
636091	656756	
636011	657723	
635998	656365	
636058	657916	
635996	655941	
636028	656872	
635920	656971	
635927	656048	
636016	656699	
636021	657156	
636010	656653	
635966	656236	
636034	657574	
636051	657645	
636013	656985	
636082	657994	
636048	656861	
635962	656270	
635997	656961	
636037	655932	
636024	657470	
635921	657449	
635965	655635	
635997	656200	
635952	656507	
635972	656971	
635948	658088	
636003	656954	
635994	657627	
636034	656629	
636015	656822	
635949	655878	
636038	657379	
636057	657654	
635984	656597	
635999	656235	
636035	657291	
636078	656527	
636059	657301	
636038	657910	
635975	656018	
635976	656031	
635964	656379	
635991	656469	
635993	657462	
636036	656766	
635990	658074	
636032	657529	
636029	658219	
635958	656920	
635957	656440	
635997	656474	
636083	656931	
635950	656502	
636032	656544	
635996	656114	
636006	657292	
636000	657963	
635989	656550	
635978	656128	
635970	656642	
635994	657455	
635973	656311	
636031	655569	
636054	657646	
635906	657852	
635877	658104	
636002	656024	
635977	657282	
636039	657034	
635984	658065	
635999	657086	
636023	656167	
636018	657046	
636012	658120	
636024	656113	
635978	657972	
636021	657149	
635923	657041	
636056	656864	
635964	656359	
635934	656634	
635956	656028	
636064	656939	
636009	655335	
635941	656919	
635933	656944	
635979	656948	
636053	657495	
635991	657653	
635979	657236	
636033	656860	
636064	657160	
636024	655508	
635926	657209	
635996	656565	
635905	656780	
636012	657420	
636054	656831	
635969	656046	
635974	656983	
635954	657556	
636037	657455	
636045	656470	
636015	656864	
635906	656986	
635983	656891	
635995	657602	
636066	656014	
635894	656450	
635995	657189	
636015	656580	
635983	657191	
635972	657732	
635983	656898	
635985	656073	
635997	656389	
635971	657497	
636031	657186	
635948	657131	
636020	656715	
635959	655625	
636035	656465	
636007	655628	
635978	656305	
635963	656698	

 Comment
@