Version  	 2.0
 Type  	analog
 Azimut 	180
 Exceed 	20
 Alpha  	40
 Quantity of cycles 	1000
 Quantity of strobes 	2001
 Strobe 	10
 Delay  	0
 Time begin 	18:15:14
 Time end   	18:16:04
 Data
636881	642546	
636835	644194	
636296	643373	
637219	645921	
636820	724639	
636576	665453	
631166	1676758	
659115	2586559	
639230	1141553	
639315	774637	
640126	694701	
640690	660090	
639034	666295	
637427	671378	
638835	658277	
636776	654743	
637160	660383	
636941	653155	
637035	649841	
636896	652207	
636764	651413	
637502	649988	
637081	649727	
637271	650887	
637071	649283	
637070	650543	
637023	648034	
636758	650257	
636835	651175	
636731	655171	
636813	666729	
636934	684672	
637160	715184	
637401	756416	
637922	797467	
638266	832778	
638388	856690	
638578	871610	
638575	871952	
638617	864668	
638681	850161	
638620	841753	
638667	839409	
638702	833365	
638812	825380	
638804	818183	
638821	808199	
638748	795000	
638788	782757	
638785	774365	
638707	767190	
638646	763058	
638501	759210	
638482	754638	
638344	745081	
638302	740240	
638276	736189	
638186	732020	
638185	726856	
638230	721570	
638164	718947	
638160	715852	
638116	714492	
638135	711736	
638075	709826	
638103	708243	
637981	705842	
637972	702222	
637952	699824	
637842	697183	
637856	693662	
637872	693364	
637904	689462	
637889	688166	
637879	686999	
637868	683463	
637899	684070	
637858	681191	
637851	682124	
637743	679939	
637786	679274	
637726	678296	
637692	676528	
637663	674441	
637742	675265	
637600	675684	
637643	675001	
637538	675539	
637630	673068	
637632	673321	
637554	668309	
637595	668913	
637545	667047	
637509	666715	
637411	666859	
637412	665637	
637492	664545	
637436	664960	
637414	662984	
637417	662724	
637408	661197	
637357	660554	
637404	658938	
637314	659737	
637401	658619	
637321	657959	
637218	658802	
637307	657141	
637325	656839	
637275	655944	
637210	655328	
637279	655812	
637252	655739	
637236	655241	
637192	654567	
637189	653692	
637281	653185	
637224	654186	
637180	655204	
637140	653707	
637148	654168	
637262	653362	
637085	652748	
637093	652772	
637137	652245	
637133	652015	
637209	650757	
637092	651255	
637116	652310	
637150	651355	
637157	650231	
637134	650210	
637083	650069	
637093	650104	
637124	649419	
637114	648728	
637004	649495	
637071	649693	
637145	648649	
637076	649516	
636987	650323	
637068	649921	
637039	648624	
637099	649507	
637106	649148	
637089	649616	
636991	648990	
637060	648246	
637035	647004	
637093	648987	
637059	648551	
637046	647878	
637032	648416	
637061	647213	
637040	647213	
637023	646476	
637029	646700	
637023	648122	
637059	647361	
637030	647596	
637014	647161	
636955	645995	
636981	647185	
637079	647793	
637003	646583	
637028	646394	
637052	646254	
636975	646456	
637041	647179	
637026	647313	
637005	645758	
636976	646145	
636994	645808	
636982	647092	
636981	646925	
636990	646510	
636919	647268	
637052	646004	
637009	646652	
637041	645430	
636938	646036	
636981	646796	
636987	645311	
636994	645068	
637002	646451	
636959	647138	
636971	645707	
636950	645371	
636949	644739	
636981	645264	
636994	646314	
636999	644728	
636898	644936	
636952	645009	
636937	645259	
636971	644659	
636952	644490	
636930	645468	
636979	645651	
636929	645171	
636993	644117	
636896	645591	
636986	644744	
636977	645352	
636987	645359	
636935	645634	
636970	644114	
636938	643599	
636939	643673	
636864	645992	
636924	644656	
636932	645798	
636979	644211	
636901	646038	
636923	645007	
636912	643275	
636964	645063	
636916	644204	
636937	644430	
636875	644362	
636959	645148	
636952	643757	
636877	644898	
636868	645731	
636970	645205	
636907	645186	
636932	645253	
636923	644448	
636954	643227	
636910	643999	
636988	643957	
636989	645080	
636906	645026	
636890	643977	
636858	644622	
636932	644031	
636917	643869	
636915	645435	
636903	644340	
636845	643933	
636950	643557	
636852	645513	
636947	644918	
636880	644523	
636914	644197	
636911	644790	
636931	645171	
636900	644218	
636948	644098	
636949	644329	
636905	643986	
636908	644486	
636916	644620	
636915	643988	
636905	644827	
636863	644308	
636845	644279	
636918	645054	
636864	644343	
636919	644361	
636920	643235	
636934	644138	
636896	644706	
636880	643624	
636921	643452	
636916	643828	
636891	644506	
636940	644654	
636961	644075	
636864	643646	
636916	643961	
636842	645237	
636881	644223	
636873	643864	
636880	643952	
636837	644442	
636948	644848	
636825	644034	
636909	643756	
636892	644649	
636843	644149	
636907	644484	
636927	643166	
636881	644644	
636933	643775	
636892	644078	
636901	643333	
636879	644561	
636833	643855	
636891	643898	
636951	642563	
636882	643754	
636855	644472	
636873	643777	
636873	643798	
636864	644257	
636878	643455	
636818	644715	
636920	645028	
636951	643611	
636869	644094	
636888	643912	
636842	644418	
636880	644044	
636939	644970	
636828	643518	
636810	644211	
636886	644567	
636887	643169	
636891	644215	
636865	643579	
636921	643816	
636880	643681	
636877	642729	
636816	642798	
636874	644312	
636854	644561	
636900	643661	
636939	644270	
636877	643459	
636845	642205	
636847	642747	
636820	644132	
636806	642993	
636793	644391	
636851	643822	
636899	644002	
636909	643609	
636886	643994	
636827	643750	
636841	643158	
636915	644233	
636883	643772	
636797	643607	
636814	642970	
636857	642070	
636895	642938	
636793	643331	
636853	644077	
636843	643153	
636811	642456	
636865	643358	
636806	642775	
636883	644043	
636848	643259	
636863	641840	
636776	644054	
636819	643463	
636815	644288	
636907	643874	
636843	644674	
636874	642465	
636812	643694	
636874	642593	
636795	643546	
636879	643737	
636841	643227	
636840	643566	
636726	643771	
636864	643439	
636862	644174	
636823	643703	
636799	642770	
636797	643727	
636888	643258	
636941	643967	
636815	644258	
636849	643364	
636864	643616	
636887	642663	
636815	643001	
636808	642315	
636800	641730	
636880	644595	
636835	643326	
636824	643722	
636803	642184	
636815	643857	
636886	643128	
636752	644480	
636839	643373	
636814	643622	
636846	642702	
636809	643358	
636872	643904	
636789	643745	
636837	643342	
636865	642836	
636787	643546	
636835	643887	
636805	642496	
636816	643250	
636861	643862	
636707	644498	
636789	642188	
636800	642907	
636828	641228	
636795	643233	
636857	643922	
636726	643928	
636897	644680	
636725	643158	
636778	642948	
636790	642849	
636791	643437	
636808	643150	
636807	644006	
636826	643039	
636769	643964	
636812	643202	
636850	642681	
636775	643115	
636788	642789	
636808	643351	
636928	642714	
636814	644545	
636817	643606	
636735	643483	
636837	642489	
636905	643003	
636752	643730	
636750	642346	
636765	643330	
636827	643185	
636853	643581	
636775	642008	
636790	643285	
636812	642436	
636787	642816	
636807	642719	
636789	644301	
636844	642041	
636774	642703	
636779	644118	
636827	643897	
636851	643877	
636826	643938	
636833	644258	
636733	644769	
636831	643142	
636815	643745	
636813	643982	
636811	642314	
636841	642760	
636820	643416	
636810	643868	
636752	644694	
636809	642900	
636798	643491	
636776	642427	
636816	643616	
636776	643562	
636774	642650	
636766	643466	
636838	643815	
636748	642945	
636799	643231	
636826	643447	
636731	643733	
636810	643735	
636784	643291	
636840	641703	
636725	643737	
636801	643276	
636799	643102	
636754	642833	
636774	643189	
636842	644188	
636852	643192	
636841	642799	
636729	644743	
636843	642609	
636831	644230	
636795	643562	
636854	642461	
636767	643090	
636803	643957	
636787	643950	
636762	643490	
636809	641678	
636754	642900	
636829	642527	
636781	643960	
636798	643417	
636832	642816	
636757	642039	
636767	644238	
636765	643167	
636822	641631	
636773	641659	
636780	642857	
636745	642738	
636776	643045	
636845	641894	
636774	642367	
636783	644574	
636739	643367	
636841	644113	
636760	643926	
636780	641834	
636760	642993	
636882	644091	
636771	641692	
636708	642352	
636785	642244	
636800	643144	
636784	641762	
636756	643915	
636759	642052	
636844	643655	
636816	642554	
636789	642903	
636744	642868	
636836	643081	
636871	643168	
636695	642416	
636735	642605	
636815	642818	
636796	643208	
636781	643611	
636753	643675	
636792	643143	
636781	643037	
636839	643967	
636817	642822	
636822	642338	
636810	642458	
636776	643786	
636762	642449	
636798	643676	
636802	641949	
636772	643072	
636776	644220	
636816	643162	
636791	643795	
636827	643235	
636817	643459	
636744	643109	
636814	643005	
636826	642615	
636771	644299	
636835	642869	
636855	642868	
636751	642365	
636792	643751	
636728	642609	
636845	643978	
636763	643029	
636853	642224	
636772	642124	
636785	643039	
636794	642613	
636785	644734	
636750	643529	
636843	643611	
636810	643026	
636836	643117	
636826	643602	
636815	642221	
636803	643103	
636781	643696	
636744	642041	
636805	642155	
636833	643827	
636817	643842	
636700	642892	
636769	641240	
636773	642410	
636814	643543	
636703	642333	
636820	642583	
636775	643693	
636838	642090	
636750	642107	
636785	642473	
636871	642836	
636778	643257	
636787	642281	
636767	644337	
636761	642439	
636793	643508	
636792	642308	
636618	642842	
636970	643572	
637176	642264	
636769	642431	
636660	643594	
636727	642686	
636684	642996	
636786	643708	
636769	643440	
636816	642522	
636804	643101	
636735	642828	
636747	642959	
636750	642128	
636826	642664	
636708	642851	
636721	641506	
636716	643870	
636809	642454	
636746	643165	
636637	643246	
636717	642541	
636725	642209	
636795	644229	
636676	642424	
636694	643515	
636822	643402	
636883	643685	
636675	643554	
636677	642864	
636809	643684	
636836	642917	
636769	642637	
636598	641977	
636720	641899	
636756	644154	
636712	643281	
636629	643259	
636708	642236	
636751	643632	
636730	641703	
636634	643810	
636726	644592	
636717	643731	
636810	642048	
636839	642509	
636665	643201	
636726	643645	
636750	643039	
636739	642880	
636703	642624	
636784	643319	
636755	643339	
636714	642050	
636701	642777	
636719	643585	
636734	644085	
636716	641517	
636658	643677	
636765	643347	
636782	643149	
636720	642878	
636772	642774	
636738	645478	
636801	643006	
636711	643850	
636759	642520	
636771	642351	
636766	643511	
636712	641564	
636671	643656	
636699	640966	
636747	643229	
636759	642627	
636627	642968	
636779	642811	
636729	642356	
636716	643172	
636719	642549	
636634	643607	
636781	642946	
636752	642371	
636710	643105	
636709	642969	
636715	641920	
636755	642767	
636674	642970	
636720	642472	
636747	643037	
636747	641947	
636724	642416	
636697	642228	
636723	643461	
636763	644192	
636743	642606	
636660	642268	
636690	642718	
636810	643206	
636692	642772	
636717	642698	
636738	642282	
636777	643193	
636728	642686	
636701	643774	
636690	642232	
636758	643006	
636730	642199	
636675	642386	
636688	643051	
636830	642899	
636712	642199	
636740	642689	
636661	642854	
636732	643019	
636802	642526	
636722	642712	
636661	642650	
636742	644567	
636804	644530	
636704	642016	
636709	643317	
636748	644023	
636726	643103	
636712	643062	
636757	643281	
636735	642078	
636774	642165	
636742	643160	
636644	643339	
636718	643002	
636815	642143	
636735	643021	
636702	642978	
636762	643764	
636709	643335	
636759	642506	
636733	643036	
636700	641226	
636790	643940	
636737	643109	
636734	643128	
636713	643089	
636756	643393	
636733	643062	
636726	643417	
636658	644051	
636725	643363	
636804	642266	
636739	642091	
636757	642653	
636691	643256	
636749	641989	
636776	643676	
636742	643694	
636725	643612	
636744	642927	
636725	642404	
636681	643766	
636727	643201	
636769	642694	
636745	642491	
636729	643408	
636737	642306	
636777	643505	
636735	642470	
636624	643156	
636688	643636	
636773	642032	
636824	643071	
636699	642302	
636686	643464	
636736	642273	
636697	643070	
636744	643052	
636703	642711	
636761	641846	
636804	642878	
636681	643078	
636726	642383	
636739	643376	
636710	642654	
636767	643576	
636706	643351	
636696	642815	
636792	643746	
636748	642323	
636695	642245	
636765	643059	
636772	642194	
636768	643289	
636713	642786	
636778	643355	
636840	642157	
636716	642432	
636714	642144	
636682	643125	
636742	643501	
636802	641753	
636701	641875	
636700	643571	
636820	642329	
636788	643518	
636707	642992	
636783	643364	
636771	642375	
636812	643839	
636733	642293	
636779	642887	
636721	642445	
636867	642360	
636811	642980	
636651	642849	
636707	644107	
636756	643567	
636871	642096	
636770	642666	
636677	643115	
636760	641734	
636831	642393	
636760	641352	
636750	642921	
636714	643743	
636809	643336	
636729	641454	
636733	642784	
636730	643280	
636711	642317	
636742	642839	
636716	642093	
636733	643683	
636795	643085	
636742	642826	
636824	643831	
636777	642457	
636800	642628	
636698	642937	
636767	643402	
636743	641968	
636775	642264	
636772	643979	
636718	642469	
636736	643089	
636812	643334	
636778	644047	
636702	642668	
636793	644322	
636800	642804	
636860	642933	
636768	642735	
636807	643587	
636801	643053	
636826	643420	
636770	642068	
636746	643947	
636800	642778	
636749	643935	
636798	642176	
636775	642165	
636863	642927	
636818	642967	
636762	643592	
636712	642791	
636811	643613	
636834	642890	
636801	642632	
636744	643004	
636828	641040	
636787	642587	
636804	643227	
636743	642912	
636791	643252	
636915	642102	
636816	643132	
636794	643531	
636720	642736	
636859	642969	
636831	643509	
636725	642227	
636788	641787	
636880	642495	
636803	643324	
636780	642545	
636814	643024	
636787	643020	
636849	642804	
636735	643154	
636800	643362	
636828	642680	
636835	642747	
636858	643446	
636683	643193	
636847	642703	
636863	643395	
636763	643369	
636826	642722	
636781	641672	
636838	642603	
636861	642623	
636723	642585	
636734	642440	
636899	642208	
636835	643052	
636759	642662	
636752	644002	
636791	642591	
636845	642236	
636857	643712	
636863	642516	
636793	642516	
636847	643014	
636797	642600	
636795	642288	
636798	642598	
636885	642525	
636712	643555	
636817	643069	
636810	642628	
636847	643508	
636777	642458	
636778	643387	
636798	642090	
636897	642782	
636803	643607	
636760	641524	
636797	642846	
636873	643086	
636839	642071	
636829	642587	
636788	642684	
636843	642710	
636833	642689	
636830	642614	
636818	641621	
636852	642374	
636809	642478	
636788	642973	
636868	642270	
636876	643012	
636850	642252	
636769	642544	
636774	643068	
636866	642158	
636912	643366	
636839	642678	
636817	642520	
636776	643070	
636896	643101	
636860	642182	
636821	642810	
636878	642495	
636895	642504	
636891	642047	
636826	642866	
636866	642494	
636874	643074	
636840	643084	
636903	643272	
636815	643350	
636849	643849	
636900	643209	
636798	642035	
636877	643354	
636894	643948	
636848	643767	
636921	644640	
636829	642297	
636874	643055	
636871	643384	
636820	644060	
636828	641355	
636839	642977	
636880	643122	
636724	643136	
636850	643896	
636883	643125	
636893	643046	
636835	643206	
636816	641789	
636833	644388	
636883	642707	
636821	642437	
636908	643495	
636813	642416	
636823	641749	
636905	642498	
636831	643988	
636802	642813	
636784	642855	
636944	642695	
636832	642088	
636840	642896	
636856	641673	
636882	642227	
636772	643033	
636842	642967	
636852	642723	
636936	642771	
636856	642591	
636859	643187	
636779	643865	
636865	643132	
636858	642955	
636871	642049	
636812	642443	
636923	642117	
636857	643857	
636850	643553	
636881	642325	
636939	642494	
636849	641629	
636770	642700	
636873	642783	
636843	642450	
636861	642780	
636881	641370	
636848	641180	
636940	641446	
636793	640957	
636852	643030	
636849	641986	
636886	643321	
636885	643752	
636841	643526	
636876	644237	
636875	643143	
636864	643127	
636865	643042	
636860	643219	
636909	641124	
636946	643137	
636840	642138	
636764	642222	
636884	642262	
636849	642073	
636861	644390	
636862	643474	
636875	642371	
636938	641862	
636895	641940	
636855	642480	
636879	644271	
636959	642621	
636906	641924	
636873	642517	
636880	642087	
636878	642940	
636923	643128	
636783	641958	
636863	641577	
636942	643765	
636879	641942	
636852	642423	
636837	642501	
636895	642350	
636874	642484	
636916	642364	
636811	642593	
636858	642455	
636896	643641	
636848	643098	
636896	643562	
636884	642066	
636900	642226	
636911	643973	
636833	642197	
636890	642578	
636898	641961	
636848	642371	
636824	641986	
636886	642939	
636919	641488	
636946	641246	
636905	645123	
636869	642140	
636925	643835	
636929	642848	
636886	641962	
636942	642744	
636965	642566	
636876	641693	
636872	641502	
636856	642770	
636930	642406	
636936	642144	
636904	643017	
636827	643140	
636932	642869	
636931	641955	
636916	642021	
636835	642613	
636997	642848	
636933	642997	
636927	641485	
636919	642835	
636877	642757	
636941	642555	
636976	642183	
636872	642743	
636842	643123	
636909	642407	
636915	643434	
636966	640407	
636901	643410	
636876	642253	
636954	643301	
636917	642982	
636942	641251	
636859	641876	
636968	642139	
636851	642207	
636985	642097	
636910	642170	
636882	643109	
636865	642492	
636952	643054	
636967	642268	
636933	643165	
636891	642431	
636896	642610	
637030	640826	
636941	642103	
636820	642245	
636883	642076	
636953	642602	
636935	641685	
636879	642818	
636871	643069	
636883	641256	
636974	642782	
636940	641210	
636941	641964	
636882	641459	
636961	642075	
637001	641836	
636919	641311	
636887	642198	
636939	642567	
636960	642264	
636967	641979	
636954	642358	
636957	641914	
636956	642368	
636951	643742	
636909	642431	
636919	642037	
636935	643448	
636909	642461	
636983	642644	
636998	642650	
636960	642347	
636962	643866	
636880	644134	
636979	642212	
636960	641606	
636963	640656	
636920	643247	
636918	641448	
637017	641994	
636989	643326	
636996	642813	
636986	642293	
636954	643088	
636938	642783	
636950	642417	
636933	643613	
636974	642260	
637003	642407	
636940	644340	
636987	642667	
637011	642221	
637023	641578	
636898	641886	
636905	642614	
636972	643178	
636944	642528	
636992	643076	
636978	641719	
636978	642373	
636990	642637	
636989	641869	
636946	643468	
637018	642359	
636972	641982	
636944	642759	
636943	641551	
637015	642614	
636981	643892	
636962	642537	
636962	642084	
637042	642850	
636966	641730	
637043	643436	
636943	641743	
636995	643390	
636958	641358	
636995	641702	
636957	642841	
637031	642024	
636975	642970	
636951	640952	
636971	643765	
636964	641935	
637040	642040	
637010	641786	
636976	643223	
636951	642057	
637005	642778	
636981	641969	
636965	642333	
637019	643051	
636991	641746	
637025	642707	
637023	643101	
637011	642306	
637006	642833	
636996	642051	
637013	641260	
636919	642660	
637003	643668	
636982	642532	
636983	641403	
637001	643198	
636988	643189	
637009	641568	
637011	643045	
636979	641202	
636982	641759	
637031	640581	
637054	643395	
636949	642564	
636936	641968	
637117	642108	
637034	642645	
637008	642125	
636936	641460	
636956	642450	
637044	642539	
637021	641412	
637010	642720	
636960	642792	
637028	641603	
637027	642422	
636991	642485	
636976	643219	
636984	641375	
637080	641219	
637072	642349	
637028	641545	
636903	642795	
637068	642974	
636993	642354	
637029	642496	
637036	642358	
637022	641630	
636991	642342	
637027	641636	
636971	642441	
636982	643162	
637032	643656	
636992	641614	
636973	641580	
637008	642665	
637025	641859	
637050	642330	
637016	641936	
637036	643470	
637014	642795	
637022	642816	
637001	641824	
637010	640309	
637041	643424	
637044	642583	
637007	642526	
637023	641927	
637023	641758	
637009	641328	
637030	643292	
637079	641702	
637017	642327	
636994	642404	
637019	642340	
636979	641273	
637067	641857	
637041	642774	
637060	642007	
637005	642282	
637021	642184	
636988	642669	
637064	642933	
637038	642232	
637065	642687	
636977	642891	
637080	642097	
637033	643351	
637057	642802	
637045	641424	
637019	642755	
637053	643669	
637072	642511	
637023	642557	
637039	642845	
637067	642440	
637071	641959	
637036	644441	
636958	643151	
637023	642629	
637071	641979	
637043	641883	
636986	642454	
637036	643848	
637017	642093	
637118	642471	
637049	642525	
637118	641753	
637071	641483	
637028	643130	
637058	643373	
636988	641976	
637054	642900	
637041	642358	
637026	641771	
637097	642045	
637046	641180	
636994	642425	
637018	643276	
636999	641919	
637070	642354	
637029	642364	
637053	642845	
637051	642647	
637037	643095	
637063	643107	
637112	641275	
636987	642894	
637057	642933	
637042	642215	
636991	641852	
637041	642209	
637013	643699	
637066	641671	
637110	643136	
637087	641621	
637022	642455	
637020	643152	
637038	642703	
637104	642405	
637067	643394	
637019	642064	
637032	643554	
637058	641101	
637072	641924	
637042	641618	
637028	642483	
637025	643103	
637055	642354	
637102	642262	
637018	643701	
637042	643221	
637048	643174	
637129	642983	
637073	642809	
637054	642836	
637045	642436	
637065	642822	
637071	642271	
637001	642872	
637064	642802	
637048	642640	
637069	641015	
637071	642722	
637050	641668	
637049	642680	
637099	641736	
637026	642088	
637025	642628	
637085	642634	
637050	641327	
637025	641814	
637082	642594	
637017	642619	
637016	642330	
637029	642315	
637097	641192	
636994	643289	
637057	642329	
637058	642186	
637066	641593	
637056	643234	
637067	643018	
637044	643232	
637086	643300	
637020	641295	
637068	642323	
636999	642692	
637030	642009	
636968	642679	
637052	642427	
637046	641616	
636989	642994	
637068	641935	
637092	642192	
637057	642346	
637058	643200	
637097	642869	
637005	641606	
637108	642284	
637103	640695	
637011	642239	
637002	642449	
637068	643871	
637088	642074	
637053	642293	
637101	642488	
637020	643392	
637127	642205	
637039	642969	
637120	642982	
637123	642601	
637036	643142	
637074	641966	
636986	644013	
637137	643308	
637019	642717	
637001	642818	
637056	641933	
637018	643060	
637059	642096	
636993	643065	
637064	641915	
637013	642828	
637073	642489	
637095	641780	
637032	641604	
637035	642310	
637059	641819	
637026	642689	
637107	641696	
636998	643190	
637015	642638	
637100	642671	
636990	642884	
637110	642803	
637045	642070	
637077	642562	
637036	643197	
637066	643626	
637062	642071	
637063	643036	
637054	644075	
637129	641483	
637045	642347	
637034	642581	
637017	641859	
637136	642622	
637015	641680	
637077	642503	
637071	642059	
637040	641874	
636998	642734	
637032	641934	
637071	643906	
637002	641885	
637042	641642	
637033	641670	
637063	642148	
637016	643146	
637075	642779	
637041	641953	
637059	641920	
637040	642180	
637005	642120	
637085	642311	
637055	642711	
637039	641849	
637028	641669	
637035	642434	
637023	642891	
637003	642306	
637039	641077	
636990	641712	
637003	642199	
637072	642050	
637048	642755	
636964	643255	
637010	642440	
637023	643138	
637069	642486	
637032	642364	
636998	642814	
637050	641420	
637066	642497	
637045	643324	
637056	642388	
637037	642230	
637055	640553	
637028	642243	
637053	643468	
636989	642568	
637062	642384	
637104	641948	
636981	643066	
637107	642583	
636982	643201	
637096	641640	
637029	643190	
637051	642257	
637031	641662	
637133	642628	
637012	642063	
637037	642140	
637037	641671	
637079	643325	
637032	640987	
637026	642742	
637053	643442	
636968	642841	
637074	643518	
637062	642390	
637058	643658	
637078	642375	
637048	642696	
637080	643184	
637046	642654	
636999	642251	
637092	642696	
637026	641704	
637027	641834	
637023	642851	
637048	642289	
637024	643371	
637053	642305	
637008	641705	
637035	640556	
637036	642942	
637079	641381	
636997	642137	
637068	641392	
637077	642727	
637016	641655	
637061	643373	
637058	641514	
637044	641760	
637027	642218	
637023	642296	
637026	641996	
637029	642499	
636987	642803	
637067	642071	
637007	642286	
636997	642566	
637053	641518	
637012	643160	
637038	643235	
637056	641053	
637032	641608	
637071	641607	
637012	642668	
636992	644320	
636936	642951	
637029	643370	
637025	643543	
637075	643630	
637063	642391	
637046	642371	
636999	642473	
637039	642505	
637025	642429	
637013	642451	
637011	642425	
636993	642442	
636977	641946	
637066	642565	
637002	642268	
637019	642069	
637041	642651	
637050	643288	
637012	641990	
637037	642541	
637015	642886	
637004	644149	
637061	642519	
637071	642470	
636997	642086	
636996	643148	
637033	643225	
637024	642001	
637013	642408	
637018	641252	
637058	643078	
637086	642486	
637024	643047	
636977	642955	
637027	642428	
637014	641675	
637090	641740	
636966	641392	
637010	642943	
636998	642992	
637064	641557	
637020	643836	
637050	642153	
636982	642796	
637095	642683	
637019	642906	
636996	642339	
636981	642753	
636975	642940	
637022	643524	
637010	642394	
636980	643267	
637014	642250	
637045	641429	
637026	642580	
636992	643239	
636911	642290	
637060	642251	
637021	643407	
636974	643013	
637043	642589	
636987	642835	
636982	642249	
637027	641322	
637038	643589	
636961	641719	
637008	642620	
637038	642202	
637059	642202	
637028	642230	
637000	641892	
637025	643053	
636973	641986	
637057	642655	
636981	641205	
637014	642317	
636954	642003	
637043	641432	
637012	641125	
637055	641871	
637012	642016	
637030	643517	
636959	641236	
636969	642861	
637034	642255	
636967	642684	
637026	644220	
636937	642612	
637060	642264	
637008	642655	
637057	642644	
636940	642406	
636970	641863	
637065	642170	
637029	642362	
636997	641171	
636985	641502	
637019	643558	
636941	642725	
637035	642350	
636970	641860	
637045	642587	
636963	641661	
636964	643707	
636952	641763	
637055	643424	
637022	642418	
637014	641962	
636940	643395	
637017	642061	
636966	642775	
636973	642477	
636982	642178	
636997	641513	
636965	641397	
637005	642994	
636925	642534	
636979	641905	
637015	643140	
636994	641477	
636917	643139	
636990	641939	
636977	642807	
637025	641407	
636976	642696	
637009	641895	
636980	642548	
636970	643540	
636967	641862	
636976	642892	
636981	641360	
636927	643356	
636998	641639	
636920	642154	
636949	642991	
636977	642199	
636972	641754	
636994	641897	
636960	642888	
636945	641000	
636972	642114	
636898	643170	
636980	643557	
637005	642717	
637027	642366	
636906	642919	
636988	643305	
636990	640500	
636967	641470	
636960	642349	
636969	642287	
636960	643144	
636980	641314	
636958	643693	
636933	641587	
636978	642677	
636911	641913	
636938	642502	
636981	642814	
636948	642037	
636978	643490	
636923	642917	
636973	643459	
636980	641429	
636940	642372	
636964	643665	
636948	642090	
637025	643242	
636960	643682	
636920	641330	
636951	642950	
636966	643085	
636922	642454	
636908	641911	
636921	642237	
636944	641452	
637013	641799	
636878	643682	
636897	642157	
636943	642139	
637019	641443	
636914	642141	
636914	642734	
636933	642353	
636967	642303	
636995	642894	
636877	642738	
636937	642439	
636944	642394	
636929	641710	
636912	641763	
636929	641333	
636958	643079	
636953	641925	
636927	642377	
636962	642752	
636921	642251	
636987	642661	
636911	641999	
636930	642376	
636940	642801	
636906	642108	
636952	642722	
636919	642362	
636921	643059	
636986	643030	
636952	642711	
636911	642252	
636943	640336	
636932	642479	
636894	642289	
636961	642466	
636863	641531	
636988	642452	
636890	641833	
636955	640928	
636846	642007	
636964	642758	
636955	641289	
636941	642352	
636881	643175	
636891	642277	
636915	641217	
636983	642412	
636894	642270	
636880	641490	
636848	643217	
636917	642522	
636909	642601	
636878	642959	
636931	643969	
636900	642071	
636896	642960	
636954	641719	
636907	643578	
636927	642476	
636970	641532	
636911	642263	
636940	641910	
636857	642198	
636841	642160	
636927	642867	
636971	642271	
636893	641482	
636835	641499	
636858	642544	
636937	641386	
636934	641567	
636882	641898	
636877	642679	
636947	642411	
636890	643076	
636933	642780	
636886	642116	
636906	641533	
636897	642744	
636880	642148	
636884	643087	
636903	640876	
636916	643233	
636892	642322	
636877	642622	
636917	641610	
636954	642533	
636882	642706	
636910	641224	
636859	643082	
636938	641583	
636927	642406	
636852	641435	
636952	641382	
636911	642352	
636886	642430	
636824	643259	
636843	641668	
636967	640737	
636873	642944	
636904	641235	
636834	641635	
636948	643633	
636922	640635	
636868	642806	
636867	641850	
636809	641902	
636908	642880	
636915	641986	
636907	641157	
636898	640933	
636933	642153	
636815	642763	
636855	642173	
636854	642067	
636837	641789	
636901	642149	
636878	641509	
636879	642966	
636886	640894	
636832	641385	
636847	641974	
636888	642236	
636904	641534	
636885	641834	
636890	641628	
636881	641280	
636862	642131	
636867	642925	
636846	642629	
636891	641567	
636891	642822	
636911	641794	
636849	641951	
636841	642579	
636898	642265	
636840	641425	
636808	642129	
636895	643039	
636896	642379	
636856	642543	
636870	641558	
636880	643308	
636876	642149	
636902	642732	
636874	642183	
636790	642333	
636907	642180	
636905	642887	
636833	642828	
636842	643049	
636862	642680	
636899	642830	
636921	641880	
636896	642106	
636794	641909	
636844	642321	
636864	640868	
636839	643313	
636829	643539	
636922	641627	
636859	642836	
636831	642991	
636873	642137	
636869	643153	
636922	641611	
636806	641712	
636776	642835	
636888	642790	
636864	644056	
636854	642884	
636854	643179	
636846	643982	
636900	642669	
636836	642350	
636815	641570	
636866	643015	
636854	641522	
636882	643567	
636877	642753	
636870	643031	
636823	642114	
636869	642359	
636885	642921	
636823	642458	
636869	643049	
636804	642814	
636801	642546	
636866	643035	
636838	643243	
636902	643124	
636923	642469	
636854	642743	
636910	642543	
636841	643241	
636842	642873	
636902	642041	
636843	643288	
636866	642459	
636878	642954	
636830	642887	
636864	642601	
636908	641786	
636836	642698	
636820	642953	
636862	641430	
636913	642958	
636881	642639	
636829	642153	
636795	643927	
636860	642467	
636882	642127	
636789	641748	
636872	642077	
636809	641294	
636886	641812	
636859	642311	
636835	642818	
636856	642163	
636773	641994	
636857	642852	
636862	642829	
636829	643551	
636847	643196	
636850	642039	
636915	643294	
636834	642534	
636831	641438	
636834	641296	
636834	642484	
636847	642978	
636785	642521	
636822	642335	
636849	641946	
636860	642319	
636859	642559	
636779	642498	
636764	642413	
636915	642501	
636846	641240	
636951	641422	
636819	641676	
636830	641632	
636870	642656	
636792	643046	
636807	642876	
636838	642464	
636883	641484	
636867	643364	
636866	641752	
636822	641572	
636898	642531	
636849	642118	
636814	642500	
636872	643162	
636842	641755	
636862	643366	
636820	642814	
636738	641456	
636888	642430	
636889	641908	
636838	641472	
636819	642665	
636898	643098	
636830	643343	
636861	643611	
636761	643904	
636831	643869	
636835	642490	
636871	642361	
636818	642693	
636832	642754	
636889	641751	
636812	642385	
636851	641587	
636813	641496	
636836	642250	
636781	642489	
636844	643219	
636778	642752	
636887	643439	
636853	642118	
636819	641870	
636816	642803	

 Comment
@