Version  	 2.0
 Type  	analog
 Azimut 	180
 Exceed 	20
 Alpha  	40
 Quantity of cycles 	1000
 Quantity of strobes 	2001
 Strobe 	10
 Delay  	0
 Time begin 	18:22:47
 Time end   	18:23:37
 Data
637662	638028	
637587	638116	
636932	638610	
638010	639591	
637710	715703	
637337	658352	
633528	1589172	
653668	2419401	
639365	1022927	
639657	740621	
640348	677131	
641174	650282	
639173	655102	
637899	659220	
639293	649958	
637299	648384	
637809	652219	
637654	646122	
637708	644749	
637821	646227	
637437	645604	
638046	644650	
637704	644568	
638066	645684	
637776	644569	
637852	644724	
637723	644077	
637602	644156	
637646	643640	
637535	645608	
637498	648481	
637499	656652	
637725	671846	
637952	694760	
638170	723169	
638370	744762	
638792	764844	
638975	775314	
638995	778911	
638986	784905	
638982	792012	
639031	796310	
639161	801547	
639146	796864	
639218	790717	
639275	782229	
639326	773120	
639323	764471	
639371	757877	
639335	754018	
639315	749611	
639277	744932	
639209	742616	
639189	739577	
639137	734045	
639103	729075	
639073	725754	
639028	723587	
639079	721191	
639064	718977	
639010	716536	
638946	714217	
639000	712358	
638970	710789	
638955	708555	
638898	705495	
638832	703821	
638858	699550	
638789	698494	
638778	695652	
638697	692730	
638747	689704	
638722	688328	
638763	685283	
638755	684632	
638690	683175	
638771	681937	
638672	681785	
638720	678720	
638657	677713	
638638	677390	
638538	677488	
638484	675072	
638604	670804	
638565	671403	
638432	673253	
638464	674586	
638494	675165	
638553	672302	
638455	671249	
638428	668346	
638445	667101	
638385	664843	
638342	663837	
638304	664113	
638314	662559	
638217	662441	
638296	661226	
638248	658271	
638136	658322	
638177	657586	
638217	656868	
638176	655763	
638119	655000	
638143	655441	
638121	655478	
638147	654114	
638100	654131	
638076	653792	
638072	652030	
638042	651355	
638087	651795	
638054	651353	
638003	650363	
638029	650782	
638031	651949	
637995	650661	
638015	651554	
638010	650592	
637926	650539	
638055	649851	
638008	649130	
637937	650441	
637969	648579	
637900	648254	
637973	648008	
637962	648826	
637942	648812	
637929	647719	
637881	647884	
637890	647531	
637880	646339	
637869	646771	
637919	645335	
637903	647267	
637871	646078	
637797	646193	
637911	646010	
637937	644715	
637894	644909	
637871	645331	
637825	644514	
637839	644315	
637866	645018	
637852	645167	
637858	645073	
637815	644663	
637819	644466	
637871	644297	
637825	644756	
637814	643912	
637870	643988	
637841	643006	
637811	643922	
637821	642662	
637899	642965	
637860	643638	
637805	641647	
637791	642895	
637910	643258	
637800	642840	
637825	643028	
637767	642741	
637853	641966	
637862	643021	
637820	642546	
637752	642311	
637717	642348	
637841	641684	
637823	641831	
637804	641839	
637746	642219	
637762	641806	
637742	641807	
637751	642944	
637831	641540	
637741	641609	
637755	641809	
637781	642752	
637730	641948	
637776	642217	
637761	641739	
637757	642756	
637786	640968	
637779	643908	
637719	642307	
637774	641207	
637772	640922	
637722	641115	
637749	641241	
637702	640591	
637797	640407	
637732	640827	
637758	640562	
637807	640435	
637731	640021	
637792	641467	
637683	641866	
637713	641427	
637755	641026	
637721	640734	
637723	640381	
637718	640259	
637744	640835	
637753	640206	
637735	640984	
637715	640406	
637742	640206	
637730	640252	
637668	640197	
637720	640558	
637628	639178	
637795	639902	
637657	640596	
637774	639462	
637731	640280	
637698	641360	
637701	640042	
637712	640080	
637676	640900	
637777	640761	
637674	640821	
637770	640237	
637754	640261	
637764	640286	
637672	639748	
637752	640259	
637750	640874	
637790	640432	
637713	639655	
637738	640932	
637637	641113	
637712	640034	
637761	640359	
637731	640851	
637716	639717	
637749	640779	
637778	639887	
637704	639521	
637671	640463	
637663	639870	
637679	638519	
637703	639975	
637650	638906	
637669	639483	
637703	639818	
637664	640076	
637785	638957	
637609	639245	
637703	640018	
637726	638781	
637708	641190	
637716	640005	
637689	639678	
637754	639873	
637717	639461	
637705	639346	
637628	638924	
637737	640114	
637688	639064	
637651	639856	
637725	640536	
637671	638937	
637726	640207	
637654	639688	
637652	639187	
637671	639067	
637680	639474	
637684	638966	
637711	639583	
637637	639456	
637643	639234	
637749	638791	
637622	639246	
637663	639421	
637683	638962	
637695	639577	
637688	639463	
637665	639609	
637680	640615	
637695	639698	
637676	639429	
637756	639415	
637706	639054	
637667	638202	
637692	639070	
637702	639304	
637587	639756	
637611	639274	
637717	639465	
637621	639311	
637726	639210	
637644	639539	
637683	639909	
637670	638247	
637658	639096	
637626	639300	
637691	639733	
637668	638749	
637693	639118	
637673	639501	
637676	640058	
637638	639823	
637749	639685	
637661	638721	
637653	638885	
637704	639400	
637683	637947	
637624	638681	
637617	638412	
637709	639425	
637706	638144	
637674	638882	
637698	640210	
637635	639058	
637657	639078	
637749	639282	
637629	639523	
637643	638927	
637647	639061	
637676	639570	
637626	639031	
637668	639739	
637648	640118	
637632	639362	
637733	638299	
637684	638159	
637635	637461	
637633	639691	
637639	638527	
637617	638638	
637622	639826	
637611	638794	
637669	638181	
637668	638247	
637628	638288	
637588	639114	
637663	639065	
637631	639485	
637649	638999	
637616	639043	
637692	638200	
637588	638603	
637620	638567	
637672	638753	
637619	638318	
637633	637820	
637568	639703	
637588	638480	
637685	638288	
637647	639715	
637585	638892	
637591	638516	
637649	640123	
637741	637650	
637592	639140	
637643	639500	
637569	638572	
637717	638252	
637631	637977	
637576	639346	
637581	638811	
637599	638446	
637613	638286	
637616	638612	
637634	639039	
637618	638811	
637612	638727	
637624	638161	
637594	638253	
637611	638045	
637631	639909	
637669	637952	
637598	638932	
637596	639457	
637656	638650	
637655	638764	
637608	638216	
637616	638491	
637638	639036	
637607	638382	
637599	637438	
637633	640081	
637585	639394	
637639	638267	
637586	638657	
637636	639064	
637595	639287	
637648	639390	
637599	638708	
637620	638762	
637574	638539	
637631	638943	
637595	639555	
637634	638476	
637627	638509	
637618	640571	
637606	638778	
637621	638675	
637694	638262	
637642	638083	
637591	638703	
637645	638132	
637563	639522	
637619	638737	
637652	638772	
637606	638560	
637592	639295	
637564	638960	
637607	638066	
637644	638513	
637534	639264	
637555	638862	
637580	638290	
637644	639542	
637563	638340	
637597	640016	
637621	637994	
637660	638589	
637618	638093	
637639	638610	
637617	640053	
637668	638416	
637637	639184	
637619	638376	
637611	639042	
637672	638863	
637589	638247	
637604	638232	
637607	637581	
637541	636831	
637577	638234	
637553	638581	
637572	638450	
637606	638802	
637599	638769	
637574	638283	
637624	638779	
637598	638394	
637673	637111	
637614	638790	
637582	637911	
637562	637492	
637608	639050	
637639	639794	
637645	638639	
637604	638088	
637624	638892	
637579	638469	
637558	637576	
637598	638631	
637625	638616	
637593	638289	
637570	637619	
637616	637818	
637593	637832	
637559	638038	
637569	638702	
637621	638314	
637605	638940	
637630	639407	
637590	638561	
637612	638262	
637598	638783	
637610	637992	
637614	638550	
637542	637842	
637578	637852	
637611	637719	
637601	638573	
637573	639412	
637563	637529	
637541	638984	
637650	638318	
637693	638848	
637591	639259	
637626	638511	
637561	638010	
637688	637691	
637613	638642	
637566	638824	
637564	638229	
637612	638333	
637661	636514	
637590	639400	
637516	636986	
637558	638448	
637643	639399	
637639	639063	
637613	636714	
637542	637583	
637552	639133	
637627	638956	
637630	637491	
637570	637300	
637580	638252	
637527	638967	
637622	638928	
637666	637652	
637577	638500	
637554	639096	
637542	639085	
637618	638142	
637650	637803	
637607	636805	
637581	636992	
637602	638385	
637581	638143	
637606	639185	
637575	637680	
637636	637587	
637651	638649	
637553	638664	
637626	638117	
637524	638132	
637548	639264	
637619	638307	
637574	638176	
637577	638398	
637612	639070	
637610	638829	
637614	637974	
637657	637906	
637594	637681	
637551	637861	
637555	638482	
637612	638994	
637633	639798	
637608	638423	
637550	638016	
637637	638443	
637632	638904	
637608	638816	
637593	638259	
637622	637960	
637569	637944	
637643	638745	
637605	638824	
637634	636893	
637573	638069	
637604	638650	
637588	637864	
637597	638568	
637664	639133	
637602	639575	
637573	638941	
637619	637976	
637679	637985	
637635	639187	
637514	638556	
637537	638567	
637612	638968	
637617	637072	
637583	639989	
637524	638562	
637540	637571	
637595	638672	
637608	637649	
637580	637527	
637629	638894	
637556	639186	
637673	640010	
637564	637028	
637621	638629	
637566	638784	
637600	638201	
637630	638801	
637624	637363	
637573	637503	
637535	638492	
637593	639590	
637646	637865	
637532	638326	
637582	638557	
637590	638058	
637665	637875	
637646	637644	
637597	638255	
637572	638843	
637550	638245	
637650	638343	
637658	638483	
637501	639171	
637752	638537	
637869	639272	
637561	638815	
637496	638954	
637671	637728	
637505	636894	
637590	637524	
637530	638381	
637597	639330	
637542	638454	
637598	637996	
637552	637500	
637573	638495	
637580	638701	
637498	638345	
637545	637759	
637521	638206	
637535	638987	
637511	637723	
637475	638433	
637573	637956	
637546	637877	
637534	638743	
637483	637036	
637545	638049	
637520	637766	
637610	638492	
637531	638194	
637484	637845	
637564	638240	
637537	639306	
637563	638952	
637499	638614	
637625	638902	
637547	636602	
637556	638389	
637511	639543	
637558	638030	
637514	638584	
637541	639296	
637544	638469	
637521	637513	
637544	638230	
637530	637299	
637526	638205	
637520	637976	
637549	638197	
637585	638687	
637592	637832	
637543	638005	
637552	638514	
637562	638784	
637591	637637	
637535	638101	
637582	637940	
637504	638032	
637553	638250	
637503	638567	
637544	637149	
637506	636108	
637539	638412	
637523	637807	
637496	638831	
637470	638179	
637609	636971	
637581	637853	
637547	638501	
637522	637401	
637544	637701	
637553	638303	
637548	638178	
637516	638387	
637495	638705	
637540	638447	
637539	637852	
637545	638102	
637509	639134	
637578	638885	
637570	638664	
637562	639055	
637538	636773	
637507	637415	
637546	639789	
637591	636857	
637536	637517	
637512	638462	
637535	637750	
637591	638068	
637506	637601	
637545	637744	
637505	638738	
637550	637327	
637559	638093	
637500	637941	
637533	638556	
637581	638383	
637492	636820	
637506	638062	
637519	638883	
637551	637365	
637506	638878	
637539	639223	
637512	639029	
637520	638490	
637521	639385	
637535	638905	
637527	639453	
637548	638561	
637528	638342	
637588	637264	
637547	638303	
637536	637542	
637530	638361	
637556	638178	
637605	638152	
637515	638227	
637557	638026	
637569	638735	
637505	638203	
637573	638179	
637510	638388	
637554	637209	
637527	638896	
637564	638652	
637562	638713	
637554	638352	
637483	638347	
637515	638501	
637599	640316	
637552	639582	
637607	637750	
637541	637692	
637552	638342	
637618	637112	
637550	638384	
637543	638945	
637520	639365	
637559	638007	
637627	638123	
637591	638101	
637533	638541	
637513	638894	
637566	638641	
637540	638909	
637581	638890	
637519	638211	
637570	638279	
637550	638652	
637611	637424	
637444	638225	
637553	637565	
637534	637922	
637609	638238	
637469	638819	
637606	638999	
637521	639000	
637557	638206	
637559	637518	
637539	639274	
637553	638416	
637522	639146	
637554	638705	
637578	638543	
637549	639112	
637620	638800	
637490	638518	
637553	638360	
637549	638647	
637609	638851	
637596	638232	
637585	639355	
637554	637447	
637553	639676	
637580	637838	
637597	637246	
637523	637612	
637606	637508	
637608	637760	
637560	637822	
637468	638137	
637514	638275	
637637	637574	
637632	639082	
637496	638297	
637529	638514	
637634	637715	
637682	638703	
637558	637908	
637519	638389	
637549	638668	
637600	639790	
637619	637250	
637524	638865	
637556	636427	
637566	638451	
637558	637584	
637559	637803	
637577	637444	
637601	637012	
637587	638592	
637532	637517	
637538	638868	
637614	637592	
637587	636984	
637593	638448	
637570	637881	
637467	638059	
637639	638237	
637548	637601	
637557	638581	
637508	638497	
637544	638107	
637510	637196	
637599	637413	
637591	638179	
637582	638332	
637634	638394	
637600	637765	
637538	638440	
637554	637176	
637622	638601	
637523	638861	
637617	637155	
637571	637647	
637499	637808	
637594	638609	
637576	637404	
637577	638422	
637600	638645	
637563	637208	
637578	638618	
637583	639010	
637559	638292	
637593	637010	
637580	637877	
637556	639187	
637527	637733	
637632	639701	
637643	637210	
637548	638655	
637535	638663	
637688	638590	
637555	637646	
637502	637705	
637549	638126	
637602	638027	
637694	638235	
637594	638654	
637534	639386	
637593	638651	
637624	637417	
637648	637770	
637557	638706	
637566	639023	
637615	637272	
637627	638427	
637594	638963	
637584	637786	
637619	636990	
637714	639149	
637570	637835	
637562	638546	
637585	637536	
637675	638885	
637695	638413	
637577	638986	
637581	637956	
637675	638443	
637655	638986	
637605	638025	
637596	638029	
637663	637993	
637606	638685	
637622	638567	
637546	637639	
637581	638788	
637651	637703	
637651	638591	
637612	637251	
637601	638775	
637698	638365	
637618	638273	
637665	638500	
637607	638207	
637677	638297	
637691	638048	
637626	637279	
637646	638132	
637596	637944	
637580	639030	
637674	637752	
637606	639150	
637544	638474	
637634	637457	
637671	639228	
637645	637360	
637602	638197	
637615	638335	
637668	637784	
637667	637309	
637610	638442	
637553	637669	
637643	637747	
637613	637324	
637616	639337	
637645	637557	
637602	638499	
637610	637924	
637622	638681	
637577	637678	
637596	638240	
637592	637007	
637616	638831	
637594	637990	
637661	638899	
637658	637536	
637685	637310	
637584	638296	
637604	637401	
637604	637321	
637697	637210	
637644	637889	
637623	639078	
637715	637885	
637675	638301	
637616	638179	
637552	638219	
637634	639022	
637666	638411	
637673	637549	
637677	636816	
637608	637522	
637674	637172	
637645	638296	
637652	637708	
637625	638148	
637663	637236	
637697	639043	
637636	638597	
637594	637947	
637647	637031	
637649	638387	
637588	636950	
637574	636230	
637578	639676	
637619	638547	
637701	638668	
637620	637741	
637666	638679	
637656	638987	
637658	638859	
637712	637249	
637652	637052	
637656	638993	
637629	638765	
637718	638797	
637636	637913	
637663	638979	
637617	638303	
637719	638553	
637664	638296	
637657	638393	
637653	637027	
637681	638095	
637684	639903	
637610	638686	
637583	638314	
637610	638686	
637664	638892	
637726	638721	
637573	637560	
637708	637853	
637666	638475	
637637	638777	
637699	639084	
637727	639914	
637612	638791	
637627	637428	
637690	637774	
637662	637690	
637666	638613	
637623	638066	
637646	637986	
637705	637523	
637685	638605	
637671	637539	
637572	638132	
637653	637536	
637673	637814	
637734	638127	
637658	636896	
637594	638066	
637620	638387	
637742	638878	
637704	638469	
637637	637252	
637637	638252	
637663	638776	
637667	638028	
637687	637497	
637593	637478	
637696	637401	
637694	636799	
637685	637612	
637640	638331	
637642	638453	
637643	637732	
637751	638266	
637733	638248	
637588	638247	
637622	638076	
637665	637492	
637650	637295	
637676	639013	
637626	637489	
637584	637837	
637667	637382	
637715	638041	
637710	636197	
637631	638376	
637660	637581	
637683	638403	
637739	638235	
637716	636950	
637678	637873	
637617	638139	
637650	636721	
637676	638451	
637623	637923	
637630	637517	
637649	637722	
637653	637486	
637670	637796	
637670	638963	
637697	637889	
637672	637652	
637664	638060	
637734	637090	
637637	639789	
637682	635962	
637636	638340	
637701	637949	
637699	637395	
637676	638142	
637684	637827	
637668	638223	
637661	638120	
637727	638860	
637647	637009	
637682	639500	
637709	637727	
637662	638497	
637741	636576	
637661	637992	
637630	637996	
637676	638085	
637621	638311	
637736	637630	
637679	639277	
637671	639295	
637687	638117	
637667	639327	
637809	637540	
637675	637579	
637679	638389	
637728	637635	
637681	637060	
637763	637244	
637619	636929	
637664	637286	
637688	637148	
637777	638494	
637720	637124	
637650	637813	
637695	638961	
637660	636995	
637687	637950	
637790	638520	
637683	637811	
637677	637668	
637667	636782	
637714	637306	
637738	638834	
637634	637115	
637705	638061	
637676	638381	
637742	639438	
637706	638265	
637694	638658	
637689	637952	
637709	637480	
637734	637900	
637714	637844	
637653	638036	
637701	638855	
637738	637031	
637742	637909	
637694	638124	
637645	638205	
637705	637246	
637815	638231	
637730	637980	
637630	639014	
637749	639169	
637690	636425	
637752	638068	
637777	637738	
637644	637670	
637756	638762	
637736	637864	
637790	637366	
637652	637549	
637683	637509	
637668	638425	
637729	638577	
637704	637073	
637729	637151	
637695	637729	
637715	638145	
637730	636947	
637639	638348	
637716	638476	
637747	637768	
637688	636147	
637728	637334	
637727	637230	
637728	638457	
637739	636495	
637699	638304	
637758	636681	
637762	638824	
637743	637627	
637739	638418	
637719	637212	
637736	637747	
637731	637583	
637714	637911	
637775	637076	
637715	637404	
637794	637712	
637721	638580	
637665	637843	
637704	637448	
637772	637738	
637758	637897	
637769	637882	
637698	637067	
637720	637918	
637832	638625	
637783	636846	
637682	638556	
637761	638364	
637741	637434	
637710	637776	
637737	637594	
637732	638666	
637717	638505	
637761	638584	
637735	638050	
637703	638292	
637760	638937	
637742	637984	
637793	637947	
637750	639414	
637774	637474	
637719	638212	
637774	638139	
637734	637883	
637764	638550	
637729	638636	
637750	638211	
637730	637534	
637754	638619	
637746	637720	
637748	636653	
637758	637706	
637762	639159	
637748	638119	
637810	637746	
637723	637669	
637788	638039	
637789	637914	
637793	638244	
637812	636920	
637764	637398	
637733	636909	
637739	637998	
637747	638773	
637759	638075	
637782	637631	
637791	638618	
637806	637159	
637799	637254	
637787	637792	
637806	637555	
637798	638142	
637786	638803	
637747	637262	
637830	636466	
637724	637997	
637753	637792	
637734	638195	
637801	636585	
637771	636359	
637785	637666	
637745	638719	
637787	638377	
637868	637243	
637806	637042	
637845	638363	
637729	638139	
637782	637961	
637777	637318	
637790	638028	
637736	637384	
637780	637399	
637791	638875	
637787	638585	
637780	638443	
637806	637349	
637832	638266	
637806	638598	
637811	638048	
637808	638238	
637762	637412	
637847	638440	
637844	637021	
637788	637532	
637746	637750	
637764	637870	
637870	637956	
637749	638029	
637796	638311	
637842	638663	
637787	637008	
637832	638460	
637781	638370	
637776	636618	
637852	637776	
637751	638036	
637779	637500	
637810	638285	
637813	637227	
637812	637869	
637779	636697	
637759	638081	
637780	637770	
637783	639629	
637769	638331	
637838	637250	
637882	637264	
637826	637769	
637810	637541	
637840	637313	
637755	637417	
637845	638064	
637827	637963	
637830	638330	
637829	638657	
637862	639080	
637774	638502	
637893	637746	
637797	637792	
637776	637597	
637836	637476	
637859	638811	
637832	638246	
637812	637053	
637802	637436	
637814	637140	
637858	637900	
637818	638567	
637845	636920	
637785	637396	
637780	636624	
637814	637967	
637818	638174	
637863	637767	
637852	637986	
637811	636999	
637822	637416	
637816	639024	
637812	638526	
637876	638747	
637832	636942	
637843	638703	
637872	638123	
637786	637919	
637891	637857	
637812	636651	
637857	638226	
637809	637451	
637820	638405	
637850	638006	
637783	638163	
637830	637805	
637866	638530	
637852	637106	
637856	638184	
637842	637802	
637890	637089	
637728	636892	
637840	637173	
637858	638110	
637797	637724	
637837	638147	
637912	637932	
637783	637352	
637818	637586	
637837	638010	
637793	637118	
637812	637857	
637879	638589	
637815	637783	
637807	638117	
637826	638599	
637886	638054	
637824	638514	
637817	638540	
637895	638089	
637876	637289	
637814	638851	
637803	636954	
637865	637971	
637832	636906	
637876	637754	
637795	637626	
637824	636943	
637816	637144	
637868	638622	
637831	639373	
637796	639047	
637811	639191	
637878	638264	
637878	638377	
637834	637978	
637835	637923	
637908	636325	
637841	637565	
637831	637604	
637808	638036	
637798	637394	
637827	637505	
637847	638746	
637809	638804	
637833	637416	
637840	639570	
637859	639207	
637812	637830	
637810	638960	
637865	636599	
637831	637212	
637851	638328	
637797	637570	
637853	638693	
637858	638710	
637798	637437	
637859	637845	
637877	637304	
637860	638205	
637845	638250	
637774	637647	
637894	636575	
637849	637635	
637825	639396	
637825	638006	
637826	638376	
637863	636835	
637866	637742	
637863	638514	
637802	637654	
637818	637815	
637879	637003	
637844	637691	
637864	638390	
637840	637708	
637765	638376	
637866	637468	
637835	638860	
637908	637560	
637837	637523	
637793	637739	
637826	637844	
637907	638319	
637869	638042	
637866	638572	
637854	637228	
637830	637721	
637857	637913	
637823	637623	
637842	636993	
637825	638068	
637882	637002	
637846	637009	
637866	638173	
637813	638126	
637863	638593	
637865	636929	
637880	638869	
637888	636977	
637828	637678	
637846	638409	
637836	637316	
637829	638596	
637880	638151	
637760	638191	
637864	638123	
637879	637532	
637796	637856	
637827	637985	
637800	637461	
637853	638605	
637815	636819	
637840	638130	
637839	637799	
637867	637358	
637845	637332	
637821	638868	
637855	636465	
637780	637364	
637827	637828	
637834	638560	
637809	638249	
637865	638506	
637847	638010	
637800	636756	
637819	638695	
637812	638868	
637852	637075	
637911	638642	
637806	637901	
637806	638325	
637825	637576	
637912	637620	
637816	639485	
637851	637911	
637877	637525	
637867	637801	
637857	638043	
637817	638899	
637869	637853	
637845	637908	
637837	637839	
637870	638550	
637789	637995	
637880	638012	
637873	638145	
637854	637130	
637844	638334	
637889	638446	
637882	637731	
637888	637886	
637864	638722	
637786	638039	
637837	637155	
637798	638212	
637813	636882	
637859	637297	
637805	637860	
637827	637129	
637756	638557	
637842	638447	
637870	638205	
637879	637243	
637776	637934	
637812	638571	
637878	637542	
637889	637826	
637880	638971	
637824	638134	
637820	636959	
637851	638002	
637883	638108	
637857	636702	
637863	638077	
637808	638205	
637861	637723	
637886	637220	
637842	637431	
637778	638707	
637790	638163	
637859	638095	
637898	637528	
637880	638385	
637806	637642	
637847	637723	
637893	637888	
637824	637749	
637842	638089	
637770	638314	
637835	637235	
637893	637805	
637889	636928	
637851	638209	
637838	636849	
637847	637076	
637802	639023	
637848	637841	
637736	637917	
637839	638336	
637854	638206	
637903	637876	
637853	637813	
637739	638752	
637798	637666	
637864	638971	
637841	638919	
637860	638424	
637756	637322	
637823	638639	
637807	636935	
637850	639187	
637812	637876	
637800	637940	
637812	637805	
637874	637098	
637815	638183	
637803	638648	
637898	637611	
637836	637558	
637778	637503	
637856	638124	
637798	638535	
637847	638461	
637780	637247	
637810	637032	
637855	638474	
637843	636659	
637783	638055	
637769	636626	
637873	638378	
637903	637750	
637844	637484	
637785	636554	
637806	638174	
637833	637248	
637850	638903	
637761	637925	
637734	639151	
637838	637462	
637876	638270	
637835	638923	
637789	638583	
637761	637785	
637887	639400	
637821	637352	
637856	637356	
637796	637996	
637799	637801	
637852	637147	
637887	637669	
637823	636769	
637858	639152	
637842	639974	
637845	637827	
637844	637649	
637795	637285	
637881	637625	
637815	639107	
637830	639256	
637822	637750	
637865	638076	
637789	638567	
637815	637909	
637853	637900	
637817	637669	
637815	638412	
637758	638806	
637841	638759	
637870	638849	
637851	636181	
637855	637872	
637740	638122	
637837	639211	
637806	637863	
637880	637338	
637825	637895	
637767	637198	
637931	637676	
637848	636431	
637837	637856	
637728	637635	
637833	638615	
637871	638085	
637833	638133	
637794	638072	
637819	637984	
637821	637305	
637909	638443	
637773	636639	
637715	637896	
637878	637981	
637792	637421	
637819	637995	
637791	636779	
637838	637548	
637853	639046	
637803	638131	
637794	637343	
637802	638096	
637887	638207	
637838	639195	
637794	637497	
637880	637750	
637861	637503	
637775	638036	
637823	638283	
637725	639203	
637805	636246	
637904	638126	
637843	638197	
637796	638326	
637757	638291	
637822	636791	
637797	638886	
637740	638328	
637815	638591	
637827	636876	
637838	638628	
637870	638241	
637761	636543	
637793	638657	
637871	637189	
637805	637925	
637796	637725	
637767	637681	
637848	636945	
637767	638145	
637818	636180	
637704	636717	
637785	638648	
637888	637930	
637663	637806	
637772	636905	
637887	637767	
637887	636389	
637802	636753	
637874	638243	
637748	636887	
637836	638613	
637783	637812	
637806	637871	
637758	636924	
637861	637315	
637775	637687	
637758	637720	
637799	637925	
637792	637489	
637789	637689	
637746	637670	
637781	635989	
637813	637141	
637852	637103	
637790	637667	
637755	638293	
637820	637566	
637815	637661	
637811	637962	
637804	636585	
637746	636730	
637811	637700	
637857	637914	
637804	638886	
637779	637421	
637751	639213	
637876	638921	
637828	637995	
637782	638721	
637828	638596	
637808	638093	
637768	638188	
637785	637965	
637749	636861	
637831	637616	
637757	637445	
637778	637736	
637808	637282	
637773	638274	
637801	637418	
637772	637148	
637758	637429	
637818	638110	
637752	637772	
637814	637040	
637710	637198	
637765	638851	
637811	637671	
637836	637503	
637717	638334	
637730	637783	
637828	637321	
637842	637476	
637783	637867	
637696	636949	
637761	637514	
637781	637582	
637724	637152	
637798	637745	
637765	639207	
637751	637460	
637788	638557	
637752	637336	
637675	637206	
637798	638169	
637765	637981	
637776	637886	
637792	637529	
637737	638517	
637800	637941	
637768	637168	
637735	638610	
637840	638329	
637734	638345	
637807	636768	
637739	637631	
637784	636559	
637812	636957	
637769	638727	
637727	637891	
637744	637307	
637716	637703	
637833	637883	
637753	638504	
637727	638791	
637791	636984	
637828	637554	
637817	638505	
637688	637881	
637718	639223	
637853	637272	
637757	637419	
637784	637068	
637693	638367	
637759	637338	
637814	637252	
637793	639086	
637750	637523	
637722	637028	
637791	636353	
637776	638406	
637724	636856	
637748	638165	
637739	638091	
637762	638209	
637695	638224	
637779	637261	
637738	637892	
637781	637423	
637743	638868	
637718	637485	
637692	637248	
637750	637878	
637727	637033	
637737	638658	
637803	637893	
637726	638322	
637725	638690	
637683	638125	
637763	638162	
637817	637222	
637758	638150	
637759	636984	
637754	637295	
637753	637634	
637694	637535	
637716	638789	
637720	637842	
637769	636810	
637806	636688	
637789	637757	
637649	637706	
637691	637395	
637709	638631	
637776	637850	
637647	638236	
637701	637826	
637761	638552	
637733	637508	
637710	638112	
637682	638199	
637747	638935	
637770	638132	
637744	637615	
637750	636742	
637723	637787	
637774	638169	
637730	637639	
637747	637081	
637695	636388	
637731	638481	
637767	637633	
637697	637266	
637678	638056	
637734	637071	
637758	636877	
637748	638428	
637661	636423	
637748	637531	
637757	638833	
637708	637505	
637648	637348	
637640	638555	
637757	638696	
637763	637409	
637783	637701	
637732	637956	
637718	637683	
637785	637018	
637712	637269	
637624	637297	
637734	636079	
637714	636547	
637742	638120	
637692	638574	
637722	637962	
637670	638398	
637763	636718	
637752	637512	
637733	637183	
637667	637833	
637706	637934	
637732	637358	
637699	637241	
637735	637960	
637716	638290	
637680	636284	
637746	636169	
637670	638026	
637677	638233	
637660	637913	
637677	638572	
637761	637294	
637740	637565	
637724	637828	
637705	636473	
637682	638370	
637706	638038	
637743	638110	
637674	638754	
637683	638635	
637720	638070	
637760	637759	
637655	637687	
637724	637345	
637703	637075	
637756	638823	
637668	638951	
637730	638206	
637660	639363	
637745	638461	
637739	638204	
637672	638477	
637759	638025	
637678	636903	
637718	637302	
637737	638145	
637653	638506	
637654	637865	
637747	637599	
637688	637228	
637701	637378	
637705	638347	
637692	638322	
637733	638309	
637651	638312	
637629	638612	
637702	638154	
637736	638705	
637722	638129	
637660	638151	
637736	638044	
637767	637197	
637701	638518	
637678	637987	
637702	638121	
637722	637252	
637701	637247	
637664	636600	
637588	639198	
637680	637746	
637737	637852	
637672	638213	
637647	637225	
637641	637142	
637736	637500	
637761	636456	
637657	637920	
637691	638050	
637738	637376	
637746	637419	
637674	636815	
637688	637764	
637724	637964	
637686	638320	
637713	637919	
637741	637592	
637728	637116	
637741	637090	
637655	637604	
637674	638371	
637712	637826	
637700	636927	
637704	636966	
637667	638364	
637654	637792	
637661	637295	
637743	636482	
637667	637769	
637637	636830	
637641	637351	
637662	636165	
637651	638020	
637637	637747	
637675	638878	
637725	636599	
637715	638089	
637708	637843	
637635	638152	
637692	637437	
637675	638160	
637643	637723	
637664	637611	
637740	637935	
637633	638136	
637650	638243	
637605	637465	
637709	638435	
637687	638200	
637694	638057	
637626	637354	
637706	637336	
637723	638471	
637730	638051	
637682	637384	
637607	637727	
637714	638006	
637724	638170	
637702	639330	
637579	637021	
637663	637898	
637656	636946	
637735	636774	
637554	636674	
637588	637197	
637698	638316	
637693	637950	
637706	638591	
637663	638526	
637694	637434	
637672	637684	
637686	637988	
637678	637875	
637654	637062	
637682	636508	
637617	638239	
637645	638603	
637743	637421	
637634	637904	
637607	637271	
637667	637895	
637723	638109	
637693	638001	
637651	637560	
637665	638931	
637619	637054	
637696	638451	
637738	637818	
637631	638575	
637604	638570	
637743	636970	
637757	638521	
637733	637827	
637626	637544	
637583	637919	
637708	637910	
637697	637571	
637615	637255	
637581	636733	
637695	637505	
637662	637014	
637643	638075	
637635	637115	
637631	636422	
637633	637683	
637676	637116	
637620	636882	
637654	638205	
637625	637684	
637700	638745	
637720	637153	
637585	638808	
637606	637304	
637649	637919	
637682	638329	
637626	636974	
637675	638375	
637681	638302	
637723	638908	
637687	637919	
637666	636579	
637683	638909	
637674	637085	
637624	637258	
637640	637506	
637650	638444	
637712	637725	
637728	637848	
637623	638141	
637630	637215	
637738	637822	
637673	638195	
637626	637870	
637636	636823	
637659	637557	
637658	638848	
637685	637104	
637613	637602	
637577	637314	

 Comment
@